800
600
48
13
item_a; 0; 5.4; 6.3; 16
item_b; 1; 10.2; 12; 30.32
item_c; 2; 20.2; 23; 45.11
item_d; 3; 30.2; 31.21; 60
item_e; 4; 43; 43.65; 79.32
item_f; 5; 55; 55.09; 97.56
item_g; 6; 5.4; 20.3; 16
item_h; 7; 10.2; 12; 30.32
item_i; 8; 20.2; 23; 45.11
item_j; 9; 30.2; 31.21; 60
item_k; 10; 43; 43.65; 79.32
item_l; 10; 55; 55.09; 97.56
item_m; 10; 5.4; 6.3; 16
item_n; 10; 10.2; 12; 30.32
item_o; 14; 20.2; 23; 45.11
item_p; 15; 30.2; 31.21; 60
item_q; 16; 43; 43.65; 79.32
item_r; 17; 55; 1005.09; 97.56
item_s; 18; 5.4; 6.3; 16
item_t; 19; 1000.2; 12; 30.32
item_u; 40; 20.2; 23; 45.11
item_v; 21; 30.2; 31.21; 60
item_w; 20; 43; 43.65; 79.32
item_x; 23; 55; 55.09; 97.56
item_y; 14; 0.4; 1; 16
item_z; 25; 10.2; 12; 30.32
item_aa; 26; 20.2; 23; 45.11
item_ab; 27; 30.2; 31.21; 60
item_ac; 28; 43; 43.65; 79.32
item_ad; 29; 55; 55.09; 97.56
item_ae; 6; 5.4; 6.3; 16
item_af; 31; 10.2; 12; 30.32
item_ag; 32; 20.2; 23; 45.11
item_ah; 33; 30.2; 31.21; 60
item_ai; 34; 100; 43.65; 43.65
item_aj; 5; 53; 55.09; 97.56
item_ak; 36; 53.4; 6.3; 16
item_al; 12; 10.32; 12; 30.32
item_am; 38; 20.12; 23; 45.11
item_an; 39; 30.12; 31.21; 60
item_ao; 40; 43.3; 43.65; 79.32
item_ap; 41; 0; 55.09; 97.56
item_aq; 42; 5.4; 6.3; 16
item_ar; 43; 101.2; 12; 30.32
item_as; 44; 20.42; 23; 45.11
item_at; 45; 32.2; 31.21; 60
item_au; 46; 43.4; 43.65; 79.32
item_av; 47; 100.01; 55.09; 970.56
0,1,5
1,4
2,4,5
3,4
46, 48, 23, 12
12, 45
1, 47
4, 36
5, 43, 19
33, 29, 14
41, 16, 10
28, 29, 6, 31, 32
19, 34