20639
30374
1006
2
fb8ab362; 144; 11152; 10979; 14167
4ffdee47; 964; 12437; 4243; 7128
525d9606; 177; 6563; 8147; 8271
85af5da3; 895; 8667; 2568; 4970
6e2781d0; 676; 8558; 25350; 34668
ab1ed5be; 837; 8595; 13827; 15188
3419ad73; 23; 5511; 7129; 11226
09af3ffe; 103; 4427; 23427; 31900
187dc2a2; 285; 18110; 13341; 16143
06bd512a; 798; 8045; 9166; 18017
e6975a59; 458; 18452; 1958; 3639
b0703bec; 368; 10598; 22852; 42507
2c3b7d8f; 586; 11536; 887; 1436
40cb1bbc; 194; 3067; 11790; 22314
3bf1c2cf; 704; 3029; 12585; 25012
53feb205; 747; 17045; 9211; 14942
5459c423; 324; 12598; 6840; 12797
0add0643; 781; 17610; 134; 239
c6c5c5ee; 942; 19226; 6852; 7627
31a7ef5f; 658; 18349; 24457; 32483
841f4778; 342; 17153; 29518; 43416
381918e0; 20; 3013; 21261; 21582
4ba4d986; 253; 15966; 7; 8
65ea4975; 392; 1997; 5570; 8387
e8e36491; 844; 1003; 3069; 4275
00daaa09; 258; 6957; 896; 1720
5ce75c06; 648; 19866; 6035; 10066
79e75e84; 322; 14206; 22508; 43339
af9ad9e6; 379; 7320; 200; 257
fa079f62; 460; 17510; 25099; 49026
8afd5c30; 393; 8732; 1384; 2114
596bb70e; 463; 3627; 14147; 18336
c212b036; 592; 11147; 9038; 14991
6268abe3; 129; 871; 30233; 40461
b0aec1b1; 129; 3161; 28083; 55935
3fe88a58; 637; 14200; 23867; 31546
d0e760c2; 986; 14270; 15524; 20815
af89f238; 1001; 10225; 203; 232
7e95fb2a; 456; 8905; 17782; 23738
fb104e07; 80; 18051; 518; 560
40665925; 774; 6119; 29914; 45339
f5f26628; 192; 20068; 10559; 20272
6057242f; 45; 15249; 26053; 44783
78bb5992; 179; 13876; 27412; 51164
79b1ebab; 377; 15116; 13156; 13180
a5670c07; 475; 56; 26408; 51619
385c7719; 784; 1253; 7826; 12407
3aacb14a; 532; 9672; 24334; 24895
64875e8f; 513; 19202; 8683; 15836
5802ecb5; 25; 7636; 16769; 30383
d6b37686; 45; 527; 21650; 27755
1ea15429; 958; 6632; 4500; 7389
38a1a4f5; 979; 8194; 29709; 39274
6653412e; 648; 2225; 24102; 41739
612b9a2d; 194; 8256; 24629; 31717
1c744786; 485; 1449; 6281; 9592
2a31cea0; 753; 5489; 4798; 7041
3e6158fa; 556; 13181; 21111; 39565
339eeed1; 978; 16754; 19020; 29893
15d5c086; 321; 12583; 26440; 28238
59b52ee5; 885; 15408; 23889; 44382
cbbb4909; 74; 16618; 14876; 18074
32f7bf31; 256; 8653; 5189; 6779
b5585147; 62; 10029; 92; 154
5c7b53f7; 521; 10834; 16732; 23325
6988385d; 402; 16016; 17861; 24447
b95b428f; 217; 12364; 15460; 20562
5d88c68c; 176; 10111; 10472; 15019
53569c29; 933; 17692; 22593; 41449
15f8533f; 326; 17255; 10618; 11942
84641b04; 986; 18058; 6087; 10426
05d384a6; 589; 3232; 21515; 39040
9b34c9e5; 222; 2309; 8476; 13769
983e481a; 492; 10370; 18403; 26017
1e92cee6; 68; 1038; 15191; 29747
c9aa5d58; 156; 11688; 23542; 46010
2f1646a3; 468; 816; 4125; 4940
f05b3eab; 912; 14511; 21386; 28697
9761432e; 769; 18559; 28574; 29471
7e39d49b; 175; 15477; 5409; 7531
53b831e2; 732; 7226; 9192; 13245
31491d48; 544; 12800; 12313; 16203
8644e891; 789; 4879; 8950; 16878
f4454181; 81; 2208; 9170; 11006
fe73e5b4; 95; 19755; 9595; 17320
3f6f1b3d; 584; 3724; 5169; 8182
69b11a61; 399; 9236; 24648; 36456
720dad22; 637; 12410; 16081; 28534
3b69db26; 816; 654; 12203; 21810
d79836f9; 650; 5734; 6976; 8322
7c7b9398; 742; 12225; 22358; 27617
cc99fdbd; 146; 16397; 18615; 31353
dd705883; 933; 17657; 10687; 19731
f4000e50; 644; 4639; 14274; 28215
051f1255; 899; 14653; 7267; 11912
9ea91d75; 933; 3453; 12089; 21989
649b2f4b; 738; 9752; 7924; 12944
f17fbdae; 549; 11959; 19329; 20560
27a48bdb; 601; 16184; 23055; 29832
01b11bd3; 888; 7092; 19991; 30032
2d96be47; 643; 17486; 4871; 6669
d66a4636; 570; 19484; 11218; 17420
5a66b6c5; 592; 9626; 7889; 12379
2676ff01; 259; 13320; 4101; 4975
34732cb7; 857; 13456; 14967; 22862
1880b5c7; 551; 11099; 134; 166
9e78104f; 902; 2955; 28009; 52599
60b279b7; 956; 10234; 9785; 10289
dc552228; 869; 7420; 29227; 30549
1c95c23b; 769; 18845; 27443; 49112
276666c3; 788; 19239; 23372; 24554
9992d8a0; 125; 20349; 4664; 8314
f72a6f8c; 49; 4208; 21160; 25622
f1434a2f; 686; 19328; 23202; 39233
fe8c7d49; 357; 8943; 27116; 30914
9813ef3e; 165; 1378; 21867; 23845
5ccadbdd; 866; 18628; 19678; 27085
d30783c3; 829; 6398; 9718; 10766
998b596f; 192; 4449; 9811; 10816
2041533a; 284; 7697; 20285; 30030
5bb6afbf; 256; 7760; 21936; 27531
5f90c6d8; 964; 20571; 26211; 48570
d6b384c0; 439; 6264; 2473; 3124
c562a9a3; 634; 16372; 19844; 32045
55823a00; 860; 3847; 23735; 44966
26e92d45; 228; 4503; 3838; 7031
e5af7a5c; 930; 13432; 4548; 7586
a72993af; 700; 109; 4482; 6821
de598483; 452; 13501; 12891; 19253
438041f2; 945; 18907; 29796; 42450
0ca2d1c5; 831; 4484; 2052; 3761
f8b3afec; 66; 654; 8787; 12565
415b7961; 32; 13427; 27261; 37788
807ac5e8; 949; 2273; 13119; 18576
b1ddd6ef; 481; 1615; 24732; 31181
bef55c30; 371; 4817; 20852; 32462
f96a1bc6; 792; 5015; 8015; 15778
9cfd7350; 899; 9080; 2502; 4099
b83e16b2; 967; 12700; 24939; 43365
3ef237ff; 142; 7711; 12674; 18924
c38942cf; 899; 10414; 6920; 13823
661b3aec; 128; 10581; 3337; 4630
1904d420; 8; 16857; 1300; 1555
9fb86cd4; 719; 9508; 10998; 16296
0f317683; 997; 377; 12346; 16016
5d8fe6d9; 872; 7948; 21047; 33504
daab62bf; 822; 2421; 3875; 6218
de069b7d; 640; 8434; 8784; 13642
7ff2db56; 789; 12371; 30149; 39411
0f9b662c; 578; 16496; 3623; 4609
c9ca39f4; 229; 11073; 2225; 3004
cd17fd66; 305; 5858; 20581; 37293
0f37c8a2; 615; 3630; 18218; 25732
b9e668db; 734; 8442; 17421; 32219
7ce1aa6d; 748; 16808; 4320; 7416
6a9070c1; 964; 8677; 12208; 16577
08afaa21; 627; 17397; 29104; 31301
2ecc44d9; 509; 5831; 9498; 15724
fe9b373d; 756; 8711; 19831; 27638
d0862db5; 678; 4558; 14777; 15961
e6bc3a83; 631; 10530; 8693; 15620
885d911c; 580; 19380; 18277; 28592
7c7b2998; 240; 10942; 30064; 41729
2775f011; 647; 13027; 30137; 44845
3ead7640; 843; 839; 20783; 39541
d22f806a; 907; 6714; 15262; 30214
bc391141; 177; 19934; 15574; 25740
8b572fdf; 427; 3308; 4255; 7921
970c2ea6; 861; 500; 18925; 28830
b4df9203; 583; 19577; 10133; 19172
3aaba063; 530; 6284; 28448; 30527
57e9d31d; 331; 4126; 12480; 12923
2b6ed6a8; 285; 7218; 22522; 34982
bd68ee8a; 281; 18877; 19734; 32606
f042d18b; 416; 1443; 2895; 5013
d6bf24f2; 161; 14303; 15695; 24144
252671fa; 696; 14775; 25262; 47776
ec558671; 122; 19432; 17469; 28183
8f36ff70; 786; 10646; 27994; 30935
29d874d8; 204; 8071; 3567; 6709
d652b097; 815; 16419; 26335; 36024
295fb798; 287; 8431; 23313; 32049
e582a732; 318; 14843; 20945; 38563
bbdbe89c; 951; 10583; 24537; 46201
46545412; 942; 12595; 4030; 7257
ee633e3d; 943; 13971; 17366; 26650
d3cbc999; 604; 10248; 16640; 19097
c35d2e18; 940; 2289; 14398; 18846
6201a2cb; 269; 5113; 4892; 6414
c62d7809; 727; 11253; 607; 660
6e2b4025; 319; 10766; 19130; 22740
f4e7cf34; 575; 7179; 9389; 10156
fea4b05c; 152; 17165; 2757; 5028
d44b437a; 872; 19557; 7250; 11882
0c12410f; 476; 12551; 2336; 2764
2b66948b; 152; 2179; 25017; 32468
35d33c06; 777; 890; 15540; 15702
1e857048; 694; 6046; 14880; 21287
db6d04bb; 884; 7216; 2288; 3996
43ae01c4; 819; 11170; 11968; 12335
73b2c0f1; 797; 10132; 8485; 11863
fdf983c2; 171; 7835; 5789; 6571
3006d50e; 117; 19749; 3457; 4473
10930fce; 374; 736; 202; 265
d3879197; 199; 11794; 10895; 15889
b863528c; 320; 16649; 1663; 2562
150e1334; 951; 12899; 5453; 6082
7d249fe1; 166; 6300; 10096; 15770
ec45097e; 949; 7279; 22202; 25361
4ab5016a; 834; 18164; 23157; 37856
c76fec2e; 332; 1304; 275; 369
7906a9f1; 921; 19127; 17057; 30589
1ae6420c; 807; 6676; 5111; 10199
c3557190; 590; 15594; 3760; 4084
42d0cf17; 594; 20475; 24532; 40897
ce09bd8a; 317; 13393; 29923; 35855
e5170fec; 466; 6172; 9867; 13557
a8d6c557; 872; 9269; 4724; 8643
0b6fe9e7; 509; 18496; 5407; 5867
82a5b411; 23; 18079; 19470; 25590
04738fdc; 100; 9464; 4046; 4880
14f55251; 871; 13660; 17486; 26391
9f2d9e90; 636; 10165; 9071; 16725
abd34ff9; 949; 13673; 27972; 46996
18af1818; 531; 3603; 10918; 20366
24462c88; 253; 1644; 2681; 3164
1ca64b16; 323; 12776; 16677; 26301
f6359ca5; 487; 20331; 23805; 44539
63bbe603; 470; 17784; 17152; 30272
eaf91bac; 374; 2321; 28335; 51433
8f3269fa; 604; 14301; 23900; 29099
df9f48ee; 959; 3939; 16867; 31344
54280676; 744; 8711; 23492; 35330
dffaebb8; 641; 1311; 19455; 27730
568f59dc; 505; 6080; 16434; 28747
f4844b16; 562; 6710; 14129; 20624
0675fdf4; 947; 9694; 8997; 11427
4a2de653; 462; 1464; 745; 1161
aaa614d6; 818; 16668; 3967; 6510
a168ac2d; 66; 15371; 12045; 20362
97262e77; 464; 10120; 26256; 50545
834bf4a4; 837; 20554; 12366; 22778
59b82392; 470; 11064; 12533; 13693
d863978e; 667; 5789; 20226; 32805
29127be9; 579; 9364; 11569; 22496
7542c10a; 473; 4203; 548; 695
4154f23c; 460; 7276; 23928; 38904
b1c07300; 661; 2130; 24973; 26913
8c162cbd; 150; 18615; 21581; 29353
bc693dc0; 706; 2733; 26030; 47777
7e2af745; 485; 13518; 20859; 33151
378e0c78; 449; 3342; 8126; 14784
abd9b65a; 383; 7551; 11118; 18766
eab42516; 544; 16003; 30155; 45148
0e0cca9d; 614; 9253; 14965; 21643
f59df42a; 289; 6935; 19780; 37624
6d1c955a; 519; 5691; 28068; 48079
faf72150; 849; 12649; 23687; 29423
79f2d690; 225; 10250; 4111; 5541
0099d621; 0; 366; 1078; 1690
8a5de70c; 258; 3606; 15272; 17333
baa4f5a3; 871; 4190; 2805; 4211
41f8bf71; 644; 3923; 2187; 3125
c33570eb; 54; 12023; 22221; 42542
82be1f2b; 280; 6765; 11725; 21531
ff49e85d; 126; 4728; 12021; 20731
4de17578; 3; 16052; 24226; 39399
fe2cbfd1; 182; 17706; 21460; 28975
34286a2b; 543; 18518; 12283; 13158
b7d51465; 1000; 5136; 26398; 27042
a4b0cf8d; 896; 1284; 27272; 27720
da6c329a; 759; 15250; 29210; 30347
295804dc; 848; 9362; 29330; 36737
38be8350; 683; 4046; 11130; 21346
0a89b365; 214; 10702; 12476; 13435
05756c82; 543; 17262; 14419; 22880
e5aa444e; 836; 9591; 4698; 8063
15ffb45d; 587; 216; 3183; 3785
49484bd8; 101; 14070; 18185; 22758
5ec8660d; 6; 2798; 22230; 30853
bf8790ed; 351; 13431; 8289; 8550
97e60b15; 453; 10221; 20571; 36932
86385d60; 938; 17907; 13445; 26315
515bcc41; 615; 7124; 18526; 21400
430c5aed; 288; 4216; 28923; 32856
ebff7636; 320; 6105; 20177; 21182
e85453bf; 992; 8720; 16488; 23614
37c78565; 904; 9918; 1659; 2166
a5343647; 986; 13041; 27645; 40738
43de1a1a; 226; 15598; 15688; 26964
774815d9; 531; 17139; 20377; 29539
d6e982fa; 826; 18275; 7718; 15139
a0dad219; 240; 1161; 10396; 17784
480664b2; 8; 14665; 16720; 31743
ebafd6b8; 549; 707; 22674; 37982
377ef5b6; 976; 11920; 28771; 54384
8f7e2cbe; 830; 2616; 25894; 50136
866d750b; 989; 5957; 10089; 14975
6dc243c9; 275; 17546; 3100; 6073
eb1d6032; 362; 6779; 15644; 27012
dffa4459; 32; 1168; 20771; 30704
b2753766; 464; 7336; 13435; 22379
9c905f78; 186; 12015; 22397; 35333
ec2755ad; 243; 11269; 3804; 3823
6483afd8; 747; 17552; 1086; 1909
1adca856; 32; 328; 1731; 2692
4d5c7e1e; 699; 11154; 19502; 34253
727e3b58; 553; 17493; 24638; 47474
1c5a043a; 570; 15528; 15197; 24866
44b70fa2; 305; 6068; 8347; 14087
50962623; 667; 14195; 21464; 27474
06b24ca2; 586; 8384; 11887; 17163
44f1ce33; 623; 9618; 22366; 43788
df36c8ac; 427; 7307; 27994; 41010
4a736e19; 972; 10090; 27696; 28690
156550e0; 293; 8543; 14835; 25471
96fa7c08; 677; 12109; 4037; 4585
c3400041; 545; 280; 12191; 23180
09f94de7; 680; 11822; 8362; 11184
5c631b91; 87; 11477; 21856; 43649
c816014d; 722; 3316; 21336; 22151
8aa578d4; 17; 11562; 20349; 39183
2cdc1162; 248; 18494; 9286; 16227
640704f4; 657; 19859; 18353; 20417
411e6986; 659; 7933; 3502; 4584
cbba35b3; 17; 3120; 21779; 23762
07568435; 687; 5016; 29982; 34726
6511a88d; 786; 11223; 19098; 33199
cd2fff1e; 849; 1390; 11071; 13516
0da34a9a; 0; 4779; 9698; 10811
8736ae90; 425; 13172; 17942; 23600
ac1c7dcf; 112; 1246; 9571; 18256
b1e30b4b; 939; 427; 15816; 28753
45e796e7; 48; 8828; 13315; 19141
0751d1cd; 469; 6583; 3490; 3880
29f31398; 889; 7708; 8999; 14961
e2ed620e; 715; 4778; 14098; 16843
10c833f2; 939; 5660; 7432; 11007
de502885; 474; 16342; 29752; 58142
89dfdd3d; 26; 18708; 23355; 23918
f820ba59; 639; 14136; 23116; 24014
7aff2c97; 591; 11221; 21566; 22340
64e5b964; 857; 20528; 25255; 45748
1365bcf0; 423; 7515; 15711; 21582
c608f327; 879; 9343; 25114; 50062
dd756c59; 580; 13294; 10321; 13738
5e3a8e7e; 901; 12689; 28940; 45627
bc3f8a81; 507; 14156; 7957; 9705
84de8fe0; 629; 9673; 28960; 46501
daf239f0; 791; 8808; 28259; 50821
84e16093; 495; 16559; 1091; 1699
8794f8a7; 760; 17900; 28347; 31910
aed1d162; 817; 423; 9682; 18658
ae8bfe13; 848; 11737; 12157; 12624
234d94e9; 559; 16328; 632; 822
0df6e7d2; 338; 12122; 15764; 25213
99e1ccfa; 581; 17057; 11111; 19820
f29440cc; 473; 3920; 7853; 10738
1e71d3c4; 27; 18189; 15162; 21231
be76bb02; 911; 5991; 24399; 25966
bb0ea6ed; 704; 10918; 30006; 35003
a7abc65d; 971; 3430; 1390; 1902
e5b8d389; 628; 6622; 26086; 32586
0cbf19bf; 163; 275; 15884; 29400
23fb5229; 544; 6055; 15105; 27775
868dbd7f; 618; 11974; 23692; 27952
645f8ee6; 880; 9448; 23179; 41411
2b254d3d; 360; 11751; 1329; 1888
0b7713dd; 391; 11628; 13605; 14127
2f91f5be; 854; 6014; 9544; 12557
eb58b52b; 900; 8037; 5569; 7585
5d1995b7; 316; 17435; 24448; 42367
b3a8aa33; 221; 17322; 7169; 7941
1b970df8; 976; 12105; 7304; 13815
4853c2d7; 20; 6280; 26424; 43275
eb527c5b; 602; 9033; 13713; 26875
a3a89629; 637; 2679; 622; 1142
6dc8e3ee; 756; 11819; 15922; 31696
be52fb03; 471; 2582; 1879; 2482
095f2a77; 432; 3671; 28015; 28251
6f9640c2; 159; 17293; 15566; 25505
09aa2ea1; 229; 5885; 22516; 31679
58ac23d4; 437; 11105; 19933; 24498
6cdd8c8e; 735; 18915; 6844; 9469
c37d966d; 582; 8277; 26708; 44280
7d84e01d; 949; 628; 14594; 23945
89f0dff6; 839; 5787; 27468; 41125
9fbcf3c1; 305; 11622; 4202; 5925
47cfb2ef; 648; 8237; 18121; 34306
bb53e570; 806; 4174; 16827; 22167
1dfd3048; 974; 1396; 4784; 7071
ed617453; 814; 14551; 8336; 13661
79abe4af; 185; 10939; 4062; 6744
244c4608; 371; 18972; 6493; 6787
2001cfb3; 643; 19224; 26502; 30510
2953cdc4; 700; 5308; 1687; 1845
483ffcdc; 84; 7204; 619; 778
c10506de; 88; 8062; 6298; 7603
c12cd36d; 407; 16707; 6049; 7542
86be66be; 355; 12040; 3641; 5993
c6d56224; 235; 14601; 5339; 8227
3be80d1b; 286; 10102; 26143; 42362
84ab0d5c; 758; 1809; 15523; 16498
93402e66; 992; 13581; 326; 424
ae80f678; 699; 16934; 25746; 27131
f335cb0a; 136; 8533; 16287; 22231
857790b3; 162; 20140; 9421; 9839
8d743193; 778; 6693; 3781; 4998
53969cad; 913; 18703; 25227; 49808
a81bb4ce; 702; 10558; 27192; 45106
b9b161f9; 860; 2466; 23755; 43973
9ad89307; 259; 19636; 25595; 37535
de7bda1c; 69; 14288; 4349; 4437
edf0960d; 936; 18951; 27975; 32322
d252ee71; 98; 15870; 1030; 1435
6bb7f72b; 0; 2300; 11730; 19294
0d656c2c; 791; 2692; 25303; 32490
4f3de2b6; 691; 1163; 19334; 23965
4497ec05; 288; 1271; 29572; 52393
bf05fe8f; 830; 236; 10710; 16562
09d74eb0; 144; 9520; 1476; 2409
5d7b6b46; 913; 9086; 6961; 9098
576d6fb1; 1; 2015; 6473; 10356
0a86c2ca; 377; 10037; 20089; 28044
edb00727; 251; 528; 3330; 4042
6c0e82c9; 681; 3835; 20164; 20383
5fcb24b2; 907; 449; 14212; 16500
fa752517; 972; 10058; 4118; 7816
1791bd36; 146; 17683; 6425; 10439
2552d927; 875; 16079; 18735; 23968
d54e588f; 668; 5928; 18859; 24711
76b17cce; 49; 11520; 5810; 10565
4561511b; 147; 17196; 20188; 33028
c051f249; 793; 1967; 3127; 3914
46415dd6; 176; 2744; 24422; 37487
98991ac1; 791; 1505; 24317; 36637
7a6e0772; 861; 8585; 30338; 49120
ff8bb431; 242; 12082; 11873; 15711
bf4c774a; 746; 20430; 19694; 25094
47fb4c29; 990; 6020; 7654; 14939
56b1ee73; 263; 7235; 13042; 20822
6639afe1; 450; 7284; 25900; 51596
ec6ab8a3; 155; 15692; 18467; 28840
c8172e61; 723; 2424; 8441; 8587
5690c68a; 338; 13900; 28249; 37149
34c21ce0; 697; 12457; 9614; 13921
b3f8dea3; 585; 2566; 22983; 39920
73ff8d15; 973; 4379; 29420; 52074
4db0b740; 309; 12203; 15776; 17184
86c71112; 199; 8741; 28313; 30599
42b82dfa; 969; 2658; 4541; 7879
33f0b8ca; 557; 18819; 7826; 10869
1675a61c; 820; 2979; 20632; 35334
b3f03e02; 63; 3020; 9194; 10217
3985e1f9; 371; 15408; 21789; 32127
6f8311ff; 19; 3461; 26325; 39820
7f092933; 104; 2910; 6877; 13066
ad5758fb; 781; 8833; 11250; 11485
d13ea74e; 843; 11708; 7753; 10088
682d4c96; 830; 16078; 7607; 13148
22bfc626; 27; 18318; 19523; 19691
c30fb5bf; 713; 11300; 6666; 10557
a76232d8; 94; 17696; 27091; 28017
7dab0efd; 275; 7587; 5028; 6065
1797194d; 796; 14012; 19210; 36978
f8667863; 990; 18550; 1918; 2537
91824ae6; 905; 20031; 26488; 40433
362d44a8; 420; 9909; 28581; 44106
bb5bbdf7; 947; 7267; 2771; 5073
a7e83623; 708; 8057; 30303; 53902
68739e7a; 383; 18091; 6492; 8311
b7caba37; 419; 19602; 26562; 39296
9eca8fd9; 594; 1974; 20680; 33762
7cb7c67a; 802; 10807; 5356; 5407
5f268d3c; 821; 15551; 12834; 20669
1e03c3dc; 90; 16980; 5312; 9803
ab41651f; 981; 7541; 16418; 24171
e1e68fde; 496; 6716; 21674; 26255
dcc17c3d; 292; 5785; 6400; 6946
7936f391; 450; 14319; 29916; 40986
3783b92f; 497; 12833; 3433; 5967
073c1fc6; 66; 10784; 21293; 27077
55e19ece; 186; 12050; 3999; 5651
ff7f4b9d; 318; 4792; 9663; 19296
1ec20961; 183; 11106; 2333; 2384
7509031f; 484; 10548; 4860; 9305
8dc4cd95; 317; 4348; 17655; 25699
c634079e; 711; 17023; 27496; 40670
b24af9f7; 193; 8779; 16556; 24261
49e9302d; 524; 1228; 1234; 1582
2624ad73; 530; 9819; 28328; 38248
1dd7b7c8; 542; 8083; 6130; 11433
b3c21bcb; 122; 7363; 16802; 18476
d8648b14; 1002; 3209; 5214; 8641
b1a56047; 949; 1428; 3452; 5293
f3d5e836; 888; 12371; 23727; 26161
0a5de152; 819; 16401; 1289; 2520
1660080f; 877; 20114; 18849; 24867
4f1cbd48; 986; 7829; 24901; 26874
faf56365; 812; 9495; 11942; 17274
6bebf94a; 838; 18662; 10874; 19317
b3c3d89c; 969; 7901; 21750; 28507
e9f15c44; 865; 6353; 4874; 8190
b5a06e24; 548; 11357; 6986; 8868
86591dd1; 433; 9639; 13816; 19403
e93d40e1; 828; 16901; 3319; 4295
5f07d240; 625; 6807; 29934; 31111
24162448; 384; 20400; 22591; 28904
c7e9632c; 356; 6448; 4503; 7321
14b13cab; 410; 794; 3561; 3858
887849c7; 542; 13728; 9738; 12867
6bf2b3ad; 155; 18712; 17313; 23016
2d07007c; 546; 10594; 13878; 23399
00de8e2e; 898; 19804; 13865; 18339
677cb3bd; 98; 9686; 14215; 23576
d1f158a2; 304; 19798; 5427; 9477
6c4a7f44; 835; 5826; 25808; 47757
37c50543; 842; 16653; 12928; 25822
ba636df2; 31; 15911; 29008; 47620
ffbf9f77; 564; 13914; 14937; 26058
1abe87f7; 124; 11627; 6616; 13077
ccee0506; 455; 2208; 1200; 1546
a8745182; 946; 7505; 15084; 25624
86351f51; 339; 13794; 7412; 10448
2a52a9fa; 933; 10055; 14711; 15356
54be580a; 65; 2416; 25196; 40808
514179e7; 247; 8972; 6267; 7556
63bc95e5; 188; 1802; 8881; 12799
8f054226; 400; 3764; 124; 243
6c5118fe; 869; 11910; 30313; 51327
77a65f16; 820; 17447; 5906; 10518
5086169c; 237; 17524; 622; 895
e7108607; 408; 7299; 15588; 25895
c4487a1d; 721; 10999; 3175; 4414
b0cf5aa8; 994; 15830; 26703; 47852
1fded21f; 285; 13416; 8221; 11635
0870ad56; 970; 8666; 19591; 38975
002cd974; 43; 1838; 2203; 2886
5c1f09b0; 56; 3384; 4885; 5209
ed4e0679; 517; 4057; 6824; 7815
f0bdc199; 263; 9499; 2921; 4932
978e2da4; 149; 16231; 16617; 26072
c969d476; 831; 3457; 16985; 25803
a8f97dde; 412; 14807; 19245; 25889
62fa4219; 650; 20217; 18207; 21369
d5ac2a20; 39; 6438; 353; 493
ff25d4a3; 59; 6382; 21635; 36527
b2e9351d; 756; 9395; 20580; 36781
3986e18c; 418; 8109; 27318; 49046
4a6bf29e; 313; 3154; 2737; 4443
8b0071ba; 138; 9131; 29306; 34399
4d4cd958; 724; 18394; 3687; 6647
05ed90e0; 581; 15669; 6443; 8363
819b9df3; 983; 18804; 30268; 34723
2c7c4e9e; 9; 19240; 15096; 24292
6fd684d3; 17; 13669; 2504; 3334
c2aba334; 84; 14758; 27902; 34645
b6d6e52f; 882; 11868; 16969; 28337
14b11df0; 476; 4069; 25894; 46073
53b6ca44; 751; 8340; 16604; 32881
980263ae; 821; 3076; 28428; 36875
36c412ce; 978; 20173; 26735; 33765
011b3605; 476; 4709; 21772; 36037
b847f024; 861; 17716; 13710; 23286
c04def39; 935; 9719; 24936; 29421
421cd185; 547; 18187; 30057; 51069
74008fc3; 502; 19976; 18104; 28978
6e901035; 275; 13764; 12939; 21565
990c3dd7; 950; 16092; 399; 796
cbf2c1de; 847; 12619; 12232; 15848
5ce7081b; 950; 13837; 29509; 42105
b077c54b; 635; 6029; 19044; 24267
eb625297; 527; 16615; 198; 259
e633f45a; 870; 3335; 6084; 7138
25a44508; 111; 4255; 11032; 11871
0f7bb6bd; 980; 3051; 9868; 16818
effaec78; 225; 7675; 14333; 22046
de61eecb; 541; 11574; 25353; 47355
7982c0da; 979; 4063; 9560; 12431
7f73b1e4; 308; 7863; 4439; 7036
aa36e278; 959; 16198; 15436; 20258
388f51b8; 607; 18311; 18543; 26517
814f6e18; 835; 3350; 27881; 52790
578bf05d; 895; 2621; 11949; 21169
5a186f99; 154; 18270; 17199; 22202
2f1723d6; 501; 1893; 6701; 12181
e8a1a49a; 100; 9485; 27732; 46240
4e8d1aa1; 135; 20238; 12922; 20686
6f1f423c; 77; 14195; 16457; 29560
e91e4aff; 912; 2346; 28118; 54652
e60bd3bf; 727; 9622; 19133; 36596
52e0119a; 737; 757; 15983; 27914
8ebbe5fe; 330; 6083; 15932; 21831
77b64e8b; 237; 17026; 12777; 23617
3a02be95; 595; 1291; 12140; 19402
80f61e10; 131; 20163; 26373; 33556
caf98540; 552; 4718; 1704; 2333
de974b8e; 663; 2999; 304; 570
10bfcf96; 367; 13138; 3738; 5375
6c12d04d; 934; 10308; 8242; 10055
3700e601; 836; 15839; 28377; 35986
b3f1929c; 570; 17171; 11701; 16487
aec134fe; 909; 18127; 12731; 16588
7445375a; 192; 2532; 21381; 27371
3c733f9b; 1003; 8311; 27271; 35360
db4112cc; 773; 18164; 25138; 44176
65c971ec; 320; 1417; 22463; 31829
d916defa; 379; 12983; 28306; 28509
1f1a33ea; 243; 17771; 13381; 22396
9ab94efc; 84; 14306; 29638; 58773
5ccc2aee; 589; 17691; 1613; 3037
a56565ec; 153; 5848; 26492; 36506
650bc1a7; 815; 11446; 10453; 17693
c6bcf6f7; 613; 13229; 18280; 30199
ccc612c2; 588; 18054; 23614; 43176
43a1c650; 977; 6987; 19927; 34407
b04f0328; 736; 76; 3889; 5482
2bb8b497; 345; 15344; 15223; 21380
d1716f25; 588; 6610; 14354; 26540
5388fa54; 802; 7474; 25381; 31903
7a4285c4; 429; 3784; 1680; 2074
e90117ea; 724; 8625; 3781; 3784
c32a3a99; 429; 12271; 5956; 11906
8a3c4a81; 502; 9516; 18608; 26520
649f2a00; 25; 20522; 18665; 33720
805fbed9; 130; 9546; 18255; 19507
fe2fb818; 308; 7889; 17446; 28483
2257945b; 182; 18237; 1879; 2695
1b3d02dc; 462; 9015; 29285; 29608
35416dee; 76; 16605; 7981; 11809
5ae1e6c3; 116; 1208; 1230; 1253
1501f912; 941; 15124; 11430; 15413
40bd664a; 888; 10112; 22861; 39331
7f6818ec; 863; 17198; 24211; 34287
f018a07e; 857; 10026; 25489; 47828
563ee2a8; 815; 1167; 5553; 6370
15e0b4c5; 831; 10327; 17668; 35120
87d596b2; 547; 7863; 7847; 9131
a6ce5424; 534; 865; 26280; 48444
851729b0; 362; 15092; 14606; 16557
8a378f9c; 446; 6467; 9983; 10142
d7559fdf; 41; 14721; 4052; 6366
43f1a9e9; 634; 10809; 24215; 42491
a952bfe0; 726; 13054; 24920; 26603
4a112ee0; 208; 8503; 22021; 41107
85b72228; 266; 9876; 4440; 7093
61f20e91; 987; 16551; 19357; 25106
c412c666; 515; 13213; 17302; 24515
bce4e599; 709; 5821; 22948; 32458
5d0610ca; 964; 19677; 5289; 9084
173e9ec1; 684; 3272; 25843; 49570
f1799892; 262; 5838; 15609; 20247
ff862d5b; 15; 1034; 18126; 34825
23fe438d; 271; 11629; 1030; 1905
35821fbd; 871; 14125; 19116; 22244
be61ab2a; 426; 316; 28094; 48514
f6664b1b; 295; 5648; 15522; 20811
f56d0c05; 683; 9404; 13806; 20527
3c4fb6b5; 962; 9270; 4569; 7050
c298fb31; 402; 6386; 23258; 31413
ccbf014e; 386; 2952; 17824; 31726
9fc237bd; 357; 14833; 16158; 32136
a4e07853; 311; 9861; 2702; 3974
c60368dd; 549; 13380; 313; 552
4ed2e959; 928; 12721; 19776; 36459
cac517de; 714; 184; 19373; 28836
15f7b5a1; 360; 5230; 23762; 28565
981043ec; 465; 12427; 6663; 9042
03a66eaf; 248; 16869; 28364; 50108
8a666fd9; 136; 13689; 22344; 44394
b404701c; 292; 11145; 11535; 12188
2ba4860c; 607; 6685; 24088; 27299
3081e451; 785; 16237; 13648; 13898
90586fce; 317; 19284; 9423; 15767
54972a3e; 796; 8172; 20047; 27851
2a8e2236; 645; 10192; 19462; 37979
a32d2208; 878; 18079; 17758; 24750
e997e13f; 557; 7245; 1631; 3128
42b2aa90; 698; 9471; 8655; 11349
24aaa230; 753; 4183; 18577; 25548
5628c222; 107; 9263; 18652; 32526
f0c1ed5b; 235; 10165; 14984; 27037
3260ae45; 629; 20630; 11336; 15843
158b96a2; 587; 14981; 3157; 3333
bb9a4a3d; 688; 720; 2636; 5056
1974816b; 273; 3756; 16516; 21411
9c6ad0e0; 831; 326; 14384; 18052
c506036e; 208; 14697; 8320; 11544
3d1de6e0; 53; 15219; 951; 1873
0b3b4b8d; 161; 5215; 29381; 37686
66c576ce; 29; 1824; 27269; 50997
fa87f10c; 371; 19851; 7718; 13341
6181c504; 418; 19490; 18440; 33529
25d36752; 264; 19709; 13835; 16474
756a8444; 976; 2905; 17434; 21717
a749d2b6; 286; 2544; 11916; 13734
159f38fc; 673; 11816; 689; 937
b92c752a; 991; 19575; 4757; 9141
cd5b4723; 675; 17892; 19372; 25283
38342199; 278; 13858; 16783; 20623
36d2cde8; 511; 4339; 15856; 29675
19f55da8; 473; 16043; 22816; 40422
2f77b35a; 197; 20494; 9490; 9601
bf8b1ac6; 381; 12325; 7089; 14113
33126365; 820; 7829; 5621; 7312
26ada1a4; 795; 19630; 26643; 35386
96ab9a9e; 810; 19484; 7113; 9044
f8693126; 942; 7706; 17881; 29310
c634cf51; 769; 13335; 14298; 16058
42273c73; 417; 18782; 15590; 16244
fc40a200; 143; 20256; 9412; 11038
91ad5b72; 65; 11218; 17299; 20872
e74a295e; 918; 15643; 18632; 21707
b9f808bd; 286; 2211; 22854; 29738
927d4c55; 235; 13578; 25873; 31999
fcc0353a; 227; 14805; 16407; 28774
ebb9cd18; 758; 9662; 6088; 11086
047804c8; 611; 11663; 6766; 12680
9560beef; 300; 10756; 6517; 6643
90f84242; 71; 14854; 1253; 1768
298dfb96; 181; 16894; 1559; 1656
086fdade; 519; 8684; 16382; 27558
f10c49f6; 426; 13121; 27669; 29029
7369e6e6; 953; 3564; 30304; 32400
86c85157; 368; 8701; 8025; 11794
dc5476ed; 852; 5368; 18846; 34756
afc86aad; 325; 4312; 18242; 21206
7e9955cb; 355; 4181; 24426; 31335
e3a1cd6e; 438; 1062; 15184; 30259
b9ca79fa; 881; 19352; 4216; 6868
83cea233; 564; 18622; 9320; 18581
5dbb1b2c; 897; 10733; 28955; 33979
c2e1c6ae; 912; 16758; 15241; 21763
cee378a1; 633; 211; 1173; 1818
347f21bf; 1000; 16920; 62; 79
96674e80; 506; 12372; 16723; 31562
8caf2208; 943; 11209; 26602; 45777
c3caad47; 335; 4812; 8488; 14351
8f542226; 103; 11922; 16686; 28645
1dde9c98; 751; 3272; 15084; 21311
dea79813; 63; 13906; 24543; 37545
1fc0312e; 604; 497; 20338; 34285
ff695c6e; 149; 1643; 13615; 22915
efae0dcf; 449; 16942; 9415; 13424
2cec06ac; 232; 7518; 4254; 7958
4b1d16e7; 752; 5593; 20229; 33085
34ae66be; 431; 3832; 5650; 8853
e1644b92; 239; 13243; 19611; 21733
f7353891; 720; 17577; 24393; 45177
e07d714f; 464; 13138; 15615; 26520
13e66de5; 911; 7138; 27069; 33906
9eb05592; 420; 18362; 21391; 30722
38dfa742; 960; 10397; 18677; 23980
6f58ca4c; 272; 14444; 9817; 17807
58352bd6; 916; 612; 25886; 33974
7ac73f0e; 697; 1885; 23991; 27151
5351a661; 801; 684; 18183; 26960
136676a5; 905; 16167; 20362; 38413
6b5a16de; 606; 4025; 9476; 17609
afe38121; 333; 15446; 6200; 10118
4bc651ac; 503; 1038; 21791; 43172
40a63625; 352; 3554; 17900; 18480
e6326101; 999; 9507; 28719; 41003
ac85c92c; 312; 5818; 17617; 32905
36034517; 812; 10165; 6181; 6644
e0889d43; 284; 4168; 26483; 35472
461745b8; 837; 4887; 29016; 33327
4a4f2146; 844; 1187; 6728; 8256
ce4ffd59; 365; 5236; 14498; 28315
0791420d; 404; 17867; 6177; 8120
48166fe5; 874; 20333; 22423; 31876
5020dd45; 336; 17386; 5047; 7536
89bb888a; 487; 7727; 27237; 28363
b115b3c6; 789; 13796; 9598; 18073
4c7be984; 269; 6307; 28518; 56585
848ce409; 104; 17853; 13286; 25154
938e964e; 863; 17366; 147; 237
e4d46a07; 291; 14019; 21852; 34830
568165b0; 864; 2161; 9619; 12247
728ee5af; 330; 950; 3794; 3972
a989f2ea; 792; 15530; 12671; 19320
a372c9f6; 543; 14599; 4443; 6417
4add9b3c; 534; 9795; 12216; 13987
d51b89bc; 154; 4334; 7957; 11502
4661aef6; 81; 12949; 18963; 25444
012e32f9; 619; 1617; 27462; 46985
f0469c11; 2; 16072; 28925; 30358
34f72037; 761; 18351; 4444; 6538
3c3f25fb; 620; 10363; 30222; 50193
7c2996c0; 379; 13985; 23871; 37482
7210f5cf; 769; 18489; 22141; 22478
f2c6e01d; 92; 2970; 8948; 9377
16d88a80; 759; 13028; 11580; 20078
8ea44c50; 573; 18362; 12146; 22440
d1e5425a; 634; 1286; 17640; 20106
3cb82f0c; 537; 6675; 21755; 32751
97f77287; 252; 13293; 24870; 34069
00924ba9; 52; 3053; 5837; 11429
0ecfc3dd; 879; 19703; 11022; 20965
e6c08e8f; 461; 7793; 27577; 40072
060deab5; 765; 20502; 1233; 2173
a080d626; 318; 4184; 29568; 46465
654304c8; 965; 12501; 7698; 11949
6d977b90; 745; 11705; 20091; 35067
e5030c68; 795; 178; 14016; 22782
ff3a3423; 849; 14953; 23195; 26795
f4397d8b; 562; 10219; 18544; 32732
51720f27; 29; 9352; 2742; 3073
36a7aaa8; 254; 18181; 11743; 22713
97356e07; 240; 7528; 25350; 40746
c30fc8cb; 724; 4296; 4932; 8279
c4889897; 465; 3811; 10038; 11946
a3be51f0; 502; 19955; 28380; 35552
2f9644be; 864; 19166; 4356; 8402
6c2b49b2; 853; 12365; 28880; 40882
48f742b9; 169; 19779; 566; 567
42acd71a; 731; 17491; 24948; 37672
c8c64d4d; 690; 5420; 24790; 39401
e76c849f; 460; 16265; 15172; 18603
b134e8f2; 865; 9005; 1221; 2130
409808e9; 951; 17654; 27824; 54966
dc8318d1; 796; 11618; 20411; 34756
e558f44d; 426; 11623; 23425; 27258
22c6a707; 30; 18272; 14150; 23371
4fec3e78; 540; 11640; 22479; 29657
54f1add9; 79; 17960; 16478; 19432
ac9d2e59; 563; 8517; 26839; 35688
f3a59490; 132; 14518; 21713; 28236
2bd2a44a; 806; 11378; 282; 301
d6d550cd; 684; 7910; 5989; 11961
6ba0b774; 805; 17993; 23787; 29408
9b345012; 670; 17244; 19809; 36335
9a8b90f0; 822; 15958; 21527; 31601
b1a7ffa9; 262; 10407; 7483; 10456
57d41895; 821; 14380; 493; 667
3055db2d; 710; 515; 26252; 52136
636d8dfc; 352; 6119; 3457; 5379
41db06ab; 836; 11659; 17377; 21464
3fb2487e; 788; 15881; 13058; 22781
0041ffbf; 182; 15897; 29846; 29903
e97e183c; 698; 14488; 9167; 10947
afcd4e7c; 307; 15290; 13245; 24009
cd94a420; 860; 8373; 27150; 34842
09dfb819; 30; 3333; 6037; 7377
e15c090a; 147; 6002; 29097; 55648
51cfa519; 339; 2374; 8654; 13611
393b7305; 426; 2471; 8786; 13675
26f79e2e; 399; 1786; 23677; 38640
a9f56b43; 50; 5057; 7378; 11151
f44d024d; 419; 18683; 29186; 37940
425891f0; 680; 9607; 10314; 17323
b2c160a7; 75; 3426; 20461; 32495
07d739bb; 141; 11864; 15964; 30237
470bd048; 83; 7999; 1292; 1328
ce120f9f; 853; 19352; 12906; 22106
bd098c20; 45; 4854; 19527; 37695
983e4dbd; 893; 20223; 6078; 11192
9cc12886; 692; 13427; 19182; 25784
e4066194; 129; 7061; 21352; 35208
319990db; 764; 3107; 15483; 25411
52eddbb6; 533; 18491; 13150; 19466
44f948bf; 924; 16977; 9199; 9333
a56a4666; 986; 15452; 14638; 17609
8718b3d6; 411; 644; 22748; 26440
f8c57618; 303; 2293; 24584; 46608
f574decb; 866; 6534; 16560; 26147
ae2e2d54; 139; 11469; 7591; 11679
1a523ff0; 27; 2842; 23702; 24330
6a444a65; 921; 3632; 19833; 21011
c4ceab1c; 491; 4322; 23414; 34346
11cc0b9f; 842; 195; 12516; 16379
eac44073; 698; 1685; 12306; 20513
3f83a175; 11; 5674; 11582; 20437
93248f29; 502; 20404; 378; 415
129ae6ad; 769; 4493; 29783; 37872
73e3e292; 85; 13035; 23163; 31144
4a4ecad7; 431; 18387; 53; 92
8d42493e; 307; 12248; 1559; 1696
a6796602; 856; 2576; 2105; 3275
e6ee1c11; 774; 15397; 20731; 25802
6875eaf7; 248; 6091; 12170; 12231
b34b37b4; 646; 12804; 23963; 43480
a52b2df9; 680; 917; 18691; 21009
23dde863; 296; 5827; 17492; 31097
d3ed2974; 460; 126; 23972; 27499
9b6d9c24; 895; 384; 19111; 27723
df15b5bb; 19; 2804; 25022; 42118
3331d9cd; 991; 2740; 3489; 6854
ea09c808; 10; 13029; 8364; 16238
c4c2c957; 918; 13116; 8002; 12556
40839d9a; 906; 1269; 24970; 47342
07569550; 675; 14778; 21081; 37734
b0384b23; 815; 1558; 14471; 27748
c10f04c3; 425; 6382; 423; 774
2c284681; 847; 5551; 121; 232
18664d2c; 20; 4278; 7333; 13686
10d2e246; 347; 18381; 27525; 39998
34d66a08; 575; 8891; 23774; 30986
6abec399; 645; 14933; 25134; 45984
3d51d97f; 841; 18610; 5492; 9712
bd4e76ce; 124; 5786; 19826; 37663
0105bbfd; 328; 4994; 5375; 7320
5a5e84c7; 229; 9313; 25161; 29744
be5b405c; 908; 2440; 28948; 50174
09354b92; 181; 5; 23985; 45557
f44ec9d2; 922; 3461; 5311; 8080
d661bab1; 182; 19024; 2930; 3202
c562bd72; 527; 7043; 2538; 4156
5df498d5; 316; 955; 90; 174
19dd1597; 901; 1758; 26893; 28707
596ecef1; 34; 2816; 13142; 21648
528266cf; 211; 8807; 17005; 21022
423c8709; 235; 14041; 28898; 34720
bb14852e; 422; 2360; 20062; 36948
35344810; 432; 12604; 18568; 25202
f3948cac; 346; 11033; 20793; 38468
c9a6fd4c; 993; 17722; 13059; 16499
b8d94d40; 784; 17214; 12839; 13184
288fc7d2; 632; 212; 12705; 20171
b8f3607a; 541; 11584; 29185; 36871
669b1546; 247; 16369; 8413; 11504
f166322e; 940; 6149; 6630; 10613
1d73b7d9; 488; 19778; 1394; 1578
715d0086; 303; 11890; 17990; 28899
669a91cc; 52; 17239; 20172; 38147
d3103c5b; 458; 9901; 7140; 7519
09aec99c; 428; 6132; 9267; 18009
181a07a8; 173; 6915; 4625; 7211
712ea243; 664; 3097; 9833; 10277
4f7185c6; 315; 13075; 27387; 50275
7b8e3a25; 536; 19967; 27922; 40942
6caf5cd8; 373; 18375; 8545; 12074
3e8e1976; 682; 4733; 5814; 9241
49e44f6e; 31; 2037; 19479; 27098
39badca5; 434; 14320; 21488; 32783
4d1621f9; 574; 4189; 30126; 58192
59af2a8c; 172; 14577; 29643; 30229
74a66d95; 473; 15091; 5538; 10922
f219d8b2; 960; 15882; 3520; 6289
869883ef; 404; 15048; 4423; 8266
7ef9ca7d; 841; 19539; 13463; 19636
e1a5189f; 363; 20611; 9189; 15060
13e3f42e; 203; 12712; 8245; 8988
2e524d6f; 652; 1448; 5064; 8318
97875e65; 829; 14988; 25651; 50618
31232aff; 956; 18893; 9216; 16386
f162da5c; 180; 15654; 20804; 22153
678a18fb; 282; 3515; 18245; 25716
17fd2e5d; 925; 19257; 341; 374
00f2beef; 765; 3368; 19263; 28083
4897df26; 449; 45; 12387; 19185
d2259656; 332; 7592; 9826; 14532
785ab6bc; 541; 14536; 18918; 27335
6999b5f2; 427; 12165; 10045; 16720
61d0228c; 575; 5476; 10271; 19951
7be9ec32; 840; 1622; 720; 790
539ac267; 712; 20417; 9682; 9930
35c0cb37; 313; 5015; 26062; 35162
4f848ac7; 638; 15605; 9409; 13705
78227559; 127; 8556; 7778; 13541
921a3186; 344; 10913; 7901; 10509
63d264ac; 821; 16701; 4113; 7428
fe8528a9; 865; 3703; 441; 857
e6ac9fed; 400; 20458; 3451; 6746
9e0e9553; 228; 15962; 26801; 44155
527cf8ef; 134; 5608; 1744; 3266
109fd3a2; 966; 3035; 15779; 28868
50e71629; 607; 6858; 18616; 23970
b4349994; 486; 13128; 14590; 27987
6e8eca74; 384; 4473; 8633; 10473
74c5daa3; 220; 2324; 10800; 19799
5817ee50; 145; 17304; 3137; 3823
251ae41b; 216; 11734; 6750; 8914
566511e9; 974; 3488; 20548; 27318
3ce4fcea; 572; 7714; 15699; 29727
a151a363; 225; 19712; 12942; 19092
2743c983; 792; 17783; 3260; 3788
09d665c2; 159; 16171; 22344; 29098
65ca55ce; 690; 14598; 27665; 53507
43af2b4b; 123; 8599; 7318; 8671
be202a62; 580; 192; 6499; 12849
3d66f3a6; 453; 12137; 20592; 26136
2ec72282; 960; 16194; 7177; 11678
37ae362a; 421; 2251; 6099; 7505
47a7658f; 570; 14626; 16405; 16966
c35146ce; 608; 432; 5225; 9326
50d5f062; 528; 16969; 11815; 15597
59a5813f; 231; 8226; 26011; 35616
6491ec62; 503; 3388; 1022; 1392
59ec83f2; 140; 10683; 3243; 6135
f8da3f2f; 672; 18546; 11100; 13791
17f200af; 53; 1255; 11719; 19835
d20cd2a7; 241; 18930; 24384; 31700
eb25d82f; 6; 3776; 16802; 23715
ef930b4b; 284; 19237; 13460; 14403
5fa94ced; 700; 14048; 24171; 46595
e7958148; 610; 14451; 26496; 37349
263eadbc; 457; 203; 14820; 28335
3b4de44f; 387; 18798; 11490; 14440
7dc41f13; 911; 452; 25532; 40221
993f48a7; 782; 18091; 26931; 52990
4b128b8e; 407; 16084; 5651; 9531
cc3117b9; 4; 17606; 8127; 9384
5a896d65; 966; 13451; 10645; 20653
f99cafb8; 638; 8061; 6939; 10734
c82ecdbe; 6; 4770; 21918; 31238
0,1,2,3,4,8,9,10,11,15,17,19,20,23,26,27,30,32,39,41,43,48,49,50,52,53,56,59,62,63,65,66,68,71,74,75,79,81,83,84,85,87,88,90,94,95,98,100,101,103,104,107,112,122,124,125,128,129,131,132,134,135,136,138,140,141,142,143,144,145,146,147,149,150,153,154,155,156,159,161,163,165,166,171,172,173,175,176,180,181,182,183,185,186,192,194,199,204,211,216,217,220,221,222,225,227,228,229,231,232,235,237,239,240,241,243,247,252,253,254,258,259,262,266,269,271,273,275,278,280,282,284,285,287,288,292,293,295,296,300,303,304,308,309,311,312,313,315,316,318,319,320,321,323,324,325,326,330,331,332,333,335,342,345,346,347,351,352,355,356,357,360,362,365,367,368,373,374,377,379,381,383,384,386,387,392,393,399,400,402,404,407,410,411,412,416,417,420,421,422,423,426,427,428,431,432,433,434,437,438,439,446,449,450,453,456,458,460,461,462,463,464,465,466,469,470,471,473,474,476,481,484,485,486,487,488,497,502,503,506,507,511,513,515,519,524,527,528,530,531,532,533,534,537,540,541,542,543,544,545,548,551,552,553,556,557,559,562,563,564,570,572,573,575,578,580,581,582,583,584,585,586,587,589,591,592,595,602,604,606,607,611,613,614,615,618,619,620,625,627,629,632,633,634,635,637,639,640,641,644,645,646,647,648,650,652,657,658,661,663,664,667,668,670,672,673,675,677,678,680,681,682,683,684,686,687,690,691,692,694,696,697,698,699,704,706,709,710,712,713,714,715,719,721,722,723,727,731,732,734,735,736,737,742,744,745,746,747,748,751,752,753,756,758,759,761,764,773,777,778,782,784,786,788,789,791,793,796,797,801,802,805,806,807,814,815,816,818,821,822,830,835,836,837,838,839,841,842,843,847,848,852,853,854,857,860,861,864,865,866,870,871,872,874,875,877,878,879,880,881,882,884,888,889,893,895,897,898,899,900,901,902,904,905,906,908,911,912,913,916,918,921,922,924,928,930,933,934,935,936,938,940,941,942,943,945,946,947,949,950,951,953,956,958,960,962,964,965,966,967,969,970,972,973,974,976,977,978,980,981,983,986,987,989,990,991,992,994,999,1000,1001,1002,1003
517,6,521,536,25,29,31,34,546,547,549,45,54,574,579,69,76,77,588,590,80,594,601,92,608,610,111,623,116,117,628,631,123,636,126,127,638,130,643,139,659,152,162,676,169,688,177,179,188,700,702,193,708,197,711,203,208,720,724,214,726,226,738,242,248,760,251,765,256,769,774,263,264,781,272,785,792,281,795,286,798,289,291,810,812,305,817,307,819,820,826,828,317,829,831,322,834,328,840,844,336,849,338,339,344,856,863,869,363,371,885,896,391,907,909,408,925,418,419,425,939,429,959,452,455,457,971,979,468,475,993,997,491,492,495,496,501,505,509
