100
100
100
1
rock_1; 0; 1; 1; 5
rock_2; 1; 2; 1; 5
rock_3; 0; 3; 1; 5
rock_4; 1; 4; 1; 5
rock_5; 0; 5; 1; 5
rock_6; 1; 6; 1; 5
rock_7; 0; 7; 1; 5
rock_8; 1; 8; 1; 5
rock_9; 0; 9; 1; 5
rock_10; 1; 10; 1; 5
rock_11; 0; 11; 1; 5
rock_12; 1; 12; 1; 5
rock_13; 0; 13; 1; 5
rock_14; 1; 14; 1; 5
rock_15; 0; 15; 1; 5
rock_16; 1; 16; 1; 5
rock_17; 0; 17; 1; 5
rock_18; 1; 18; 1; 5
rock_19; 0; 19; 1; 5
rock_20; 1; 20; 1; 5
rock_21; 0; 21; 1; 5
rock_22; 1; 22; 1; 5
rock_23; 0; 23; 1; 5
rock_24; 1; 24; 1; 5
rock_25; 0; 25; 1; 5
rock_26; 1; 26; 1; 5
rock_27; 0; 27; 1; 5
rock_28; 1; 28; 1; 5
rock_29; 0; 29; 1; 5
rock_30; 1; 30; 1; 5
rock_31; 0; 31; 1; 5
rock_32; 1; 32; 1; 5
rock_33; 0; 33; 1; 5
rock_34; 1; 34; 1; 5
rock_35; 0; 35; 1; 5
rock_36; 1; 36; 1; 5
rock_37; 0; 37; 1; 5
rock_38; 1; 38; 1; 5
rock_39; 0; 39; 1; 5
rock_40; 1; 40; 1; 5
rock_41; 0; 41; 1; 5
rock_42; 1; 42; 1; 5
rock_43; 0; 43; 1; 5
rock_44; 1; 44; 1; 5
rock_45; 0; 45; 1; 5
rock_46; 1; 46; 1; 5
rock_47; 0; 47; 1; 5
rock_48; 1; 48; 1; 5
rock_49; 0; 49; 1; 5
rock_50; 1; 50; 1; 5
rock_51; 0; 51; 1; 5
rock_52; 1; 52; 1; 5
rock_53; 0; 53; 1; 5
rock_54; 1; 54; 1; 5
rock_55; 0; 55; 1; 5
rock_56; 1; 56; 1; 5
rock_57; 0; 57; 1; 5
rock_58; 1; 58; 1; 5
rock_59; 0; 59; 1; 5
rock_60; 1; 60; 1; 5
rock_61; 0; 61; 1; 5
rock_62; 1; 62; 1; 5
rock_63; 0; 63; 1; 5
rock_64; 1; 64; 1; 5
rock_65; 0; 65; 1; 5
rock_66; 1; 66; 1; 5
rock_67; 0; 67; 1; 5
rock_68; 1; 68; 1; 5
rock_69; 0; 69; 1; 5
rock_70; 1; 70; 1; 5
rock_71; 0; 71; 1; 5
rock_72; 1; 72; 1; 5
rock_73; 0; 73; 1; 5
rock_74; 1; 74; 1; 5
rock_75; 0; 75; 1; 5
rock_76; 1; 76; 1; 5
rock_77; 0; 77; 1; 5
rock_78; 1; 78; 1; 5
rock_79; 0; 79; 1; 5
rock_80; 1; 80; 1; 5
rock_81; 0; 81; 1; 5
rock_82; 1; 82; 1; 5
rock_83; 0; 83; 1; 5
rock_84; 1; 84; 1; 5
rock_85; 0; 85; 1; 5
rock_86; 1; 86; 1; 5
rock_87; 0; 87; 1; 5
rock_88; 1; 88; 1; 5
rock_89; 0; 89; 1; 5
rock_90; 1; 90; 1; 5
rock_91; 0; 91; 1; 5
rock_92; 1; 92; 1; 5
rock_93; 0; 93; 1; 5
rock_94; 1; 94; 1; 5
rock_95; 0; 95; 1; 5
rock_96; 1; 96; 1; 5
rock_97; 0; 97; 1; 5
rock_98; 1; 98; 1; 5
rock_99; 0; 99; 1; 5
rock_100; 1; 100; 1; 5
0, 1