250
300
45
5
food0; 0; 0; 0; 44
food1; 1; 1; 1; 43
food2; 2; 2; 2; 42
food3; 3; 3; 3; 41
food4; 4; 4; 4; 40
food5; 5; 5; 5; 39
food6; 6; 6; 6; 39
food7; 7; 7; 7; 38
food8; 8; 8; 8; 37
food9; 9; 9; 9; 36
food10; 10; 10; 10; 35
food11; 11; 11; 11; 34
food12; 12; 12; 12; 33
food13; 13; 13; 13; 32
food14; 14; 14; 14; 31
food15; 15; 15; 15; 30
food16; 16; 16; 16; 29
food17; 17; 17; 17; 28
food18; 18; 18; 18; 27
food19; 19; 19; 19; 26
food20; 20; 20; 20; 25
food21; 21; 21; 21; 24
food22; 22; 22; 22; 23
food23; 23; 23; 23; 22
food24; 24; 24; 24; 21
food25; 25; 25; 25; 20
food26; 26; 26; 26; 19
food27; 27; 27; 27; 18
food28; 28; 28; 28; 17
food29; 29; 29; 29; 16
food30; 30; 30; 30; 15
food31; 31; 31; 31; 14
food32; 32; 32; 32; 13
food33; 33; 33; 33; 12
food34; 34; 34; 34; 11
food35; 35; 35; 35; 10
food36; 36; 36; 36; 9
food37; 37; 37; 37; 8
food38; 38; 38; 38; 7
food39; 39; 39; 39; 6
food40; 40; 40; 40; 5
food41; 41; 41; 41; 4 
food42; 42; 42; 42; 3
food43; 43; 43; 43; 2
food44; 44; 44; 44; 1
0, 1, 2, 3, 4, 5, 6, 7, 8, 9
10, 11, 12, 13, 14, 15, 16, 17, 18, 19
20, 21, 22, 23, 24, 25, 26, 27, 28, 29
30, 31, 32, 33, 34, 35, 36, 37, 38, 39
40, 41, 42, 43, 44

