100
100
27
14
item1; 1; 91; 0; 1950
item2; 2; 10; 10; 20
item20; 2; 10; 10; 20
item21; 2; 10; 10; 20
item22; 2; 10; 10; 20
item23; 2; 10; 10; 20
item24; 2; 10; 10; 20
item25; 2; 10; 10; 20
item26; 2; 10; 10; 20
item27; 2; 10; 10; 20
item28; 2; 10; 10; 20
item3; 3; 1; 1; 15
item4; 3; 1; 1; 15
item5; 3; 1; 1; 15
item6; 3; 1; 1; 15
item7; 3; 1; 1; 15
item8; 3; 1; 1; 15
item9; 3; 1; 1; 15
item10; 3; 1; 1; 15
item11; 3; 1; 1; 15
item12; 4; 0; 100; 1600
item13; 5; 200; 100; 100000000
item14; 6; 80; 20; 1400
item15; 7; 20; 30; 80
item16; 8; 50; 50; 1010
item17; 9; 15; 70; 1800
item18; 10; 0; 0; 2000
6, 4
3, 4
4, 9
10, 1
10, 2
10, 3
10, 4
10, 5
10, 6
10, 7
10, 8
10, 9
8, 3
8, 1