481.61
450.83
263
10
pinning; 190; 240.5; 350.09; 380.6
multilobulated; 246; 174.68; 1.34; 225.67
cholelithiasis; 93; 425.0; 1.85; 170.5
baetzner; 25; 321.83; 324.13; 396.86
Cecropia; 251; 141.12; 397.02; 431.85
totalization; 46; 317.34; 97.66; 122.22
volcanism; 145; 166.31; 289.28; 335.79
counterexercise; 242; 178.91; 240.0; 417.98
epipodial; 208; 460.17; 138.31; 353.17
carpometacarpal; 249; 55.53; 408.1; 437.41
encumbrancer; 49; 34.25; 271.07; 392.11
auger; 88; 321.83; 437.83; 448.15
Doricize; 262; 89.0; 224.56; 374.94
Owen; 182; 455.25; 195.21; 225.18
paxilla; 238; 363.53; 186.11; 209.05
fibrination; 82; 277.38; 282.0; 294.27
Gracilariidae; 99; 218.86; 270.28; 385.0
transamination; 52; 130.3; 271.6; 385.06
semiorbicular; 46; 60.93; 6.13; 412.07
handgun; 213; 472.87; 22.54; 401.24
undershoot; 17; 340.73; 131.93; 193.64
Huttonianism; 82; 116.11; 256.06; 316.65
antisolar; 81; 13.33; 69.5; 106.26
cornu; 222; 293.06; 359.19; 380.56
Thalesia; 169; 138.63; 258.91; 272.07
trochanter; 153; 6.4; 5.1; 35.8
cyclarthrodial; 128; 455.75; 198.1; 445.75
lixivious; 193; 231.29; 198.15; 239.01
superedify; 185; 21.78; 372.77; 413.59
bacteriostat; 68; 114.54; 339.02; 419.9
Barney; 262; 428.43; 28.62; 304.24
taeniacidal; 151; 306.65; 348.01; 350.23
unenriching; 23; 465.82; 107.28; 255.38
intenerate; 124; 222.32; 67.74; 405.37
strife; 37; 190.0; 55.84; 228.04
Codiaeum; 190; 210.82; 437.96; 447.77
tonus; 236; 320.55; 372.95; 381.32
ipseand; 236; 101.77; 256.94; 332.35
amaryllid; 32; 182.41; 296.5; 446.44
prominent; 174; 368.14; 119.9; 232.57
stubbled; 259; 52.6; 315.66; 350.17
homalographic; 94; 454.75; 272.34; 382.76
lutecia; 236; 155.06; 62.02; 166.29
Methuselah; 226; 296.64; 21.43; 341.98
xylindein; 110; 163.39; 144.18; 166.12
illy; 94; 446.3; 264.1; 308.78
menialism; 240; 418.83; 258.66; 268.88
spookily; 15; 31.5; 73.69; 262.02
periostitic; 120; 385.3; 94.2; 202.9
mycotrophic; 30; 151.64; 173.95; 415.83
sulphamidic; 163; 424.16; 101.52; 245.21
questorial; 241; 443.34; 441.98; 443.7
intertranspicuous; 51; 172.13; 223.2; 415.9
unscrubbed; 138; 231.9; 371.28; 418.13
scler; 112; 448.63; 26.58; 434.06
dextrotartaric; 44; 94.05; 367.12; 395.95
solipsistic; 191; 384.85; 80.04; 245.68
equaeval; 166; 366.68; 144.28; 159.39
jelly; 127; 192.58; 124.35; 313.99
preinterchange; 178; 187.38; 61.33; 92.41
Polypteridae; 239; 96.83; 318.9; 355.61
Yazoo; 249; 202.82; 234.74; 298.08
cogently; 211; 406.39; 145.0; 242.89
heavenly; 70; 367.19; 210.39; 303.04
Melolontha; 67; 293.16; 274.81; 441.64
downsliding; 68; 30.24; 37.79; 103.99
remigation; 121; 283.61; 163.26; 448.56
antimony; 178; 68.55; 142.91; 426.69
radiomedial; 117; 330.79; 38.52; 180.75
Glossotherium; 38; 433.38; 73.08; 249.86
Wordsworthian; 166; 84.27; 372.66; 399.52
superaccession; 59; 124.81; 28.96; 243.84
sanguine; 97; 152.9; 149.72; 338.74
cirsomphalos; 178; 122.36; 322.54; 427.77
sternly; 153; 12.08; 193.65; 263.69
encounter; 162; 208.83; 347.26; 450.4
phosphuranylite; 121; 448.94; 126.66; 141.89
sanjakbeg; 1; 357.51; 176.59; 251.52
avitaminosis; 189; 98.39; 292.77; 438.64
diphenylquinomethane; 211; 368.85; 338.83; 389.35
crossbred; 222; 31.92; 372.02; 421.24
unimpeded; 106; 1.6; 259.2; 368.47
phlebotomy; 177; 423.6; 218.69; 377.8
puppetlike; 192; 46.21; 12.95; 402.86
involatility; 242; 216.14; 124.55; 432.41
yagourundi; 144; 449.84; 234.92; 350.06
Occidentalize; 35; 419.05; 211.03; 335.36
undittoed; 28; 117.22; 89.49; 141.16
paleobotanist; 65; 167.53; 8.24; 402.38
fittedness; 142; 171.66; 20.75; 159.42
overwood; 129; 160.6; 296.18; 365.37
trundlehead; 261; 330.12; 271.67; 321.65
Loxosomidae; 224; 304.36; 396.18; 433.35
favous; 182; 10.21; 74.99; 418.33
apjohnite; 132; 340.85; 100.51; 143.0
monumentally; 31; 121.59; 19.85; 193.1
lazarlike; 137; 81.25; 54.66; 252.54
aborigine; 73; 45.39; 33.91; 57.14
systasis; 200; 224.94; 206.52; 308.95
persiflage; 219; 209.73; 129.47; 376.7
deniable; 51; 157.54; 91.02; 273.51
ornery; 134; 40.27; 286.57; 410.74
subjectile; 189; 278.92; 293.68; 321.77
aquatone; 47; 415.29; 381.19; 450.43
esotropic; 86; 171.51; 53.24; 181.68
scripturalize; 175; 40.23; 425.66; 442.9
interspersedly; 157; 350.98; 152.22; 343.16
adsignification; 13; 262.55; 169.37; 231.09
pleonastic; 13; 442.36; 418.41; 424.34
Goudy; 226; 209.52; 267.84; 336.62
unadvised; 187; 104.98; 242.38; 269.39
stormingly; 11; 183.55; 22.03; 95.51
dallyingly; 26; 152.23; 223.07; 380.73
paleochorology; 129; 375.79; 429.05; 433.55
Huastecan; 245; 249.61; 200.59; 235.55
embarrassingly; 173; 280.24; 390.55; 419.19
pneumatotactic; 127; 218.7; 367.54; 422.85
Draco; 27; 180.19; 309.82; 448.69
nallah; 52; 241.47; 136.31; 151.51
multivalency; 177; 241.07; 183.45; 273.03
circumundulation; 233; 308.34; 229.92; 254.97
oligochromemia; 215; 107.14; 136.47; 439.44
grasshopperish; 251; 272.46; 159.61; 163.74
pantheology; 220; 169.34; 6.27; 70.02
Atoxyl; 121; 210.36; 122.48; 241.34
drawboard; 21; 73.0; 5.47; 431.27
cressed; 2; 163.26; 100.27; 393.09
Boophilus; 160; 284.06; 11.34; 17.15
angiosis; 237; 172.74; 180.75; 378.3
shareman; 259; 69.63; 274.82; 346.62
interindicate; 174; 142.95; 193.68; 296.5
expatiator; 220; 390.52; 77.13; 203.1
inquisitory; 194; 333.46; 334.89; 370.31
cardiolysis; 116; 218.09; 441.79; 442.21
brachelytrous; 243; 368.5; 309.67; 425.92
myriological; 35; 330.15; 304.68; 364.26
rebateable; 82; 366.49; 373.31; 425.84
backspace; 234; 433.69; 394.36; 405.13
palaeotypically; 70; 364.01; 89.49; 91.19
sterlingness; 146; 361.81; 418.43; 428.19
makhzan; 5; 247.51; 379.25; 386.5
insuperability; 51; 297.6; 12.77; 180.61
unexpectingly; 150; 107.09; 216.49; 341.62
speciestaler; 91; 12.25; 90.73; 127.29
outsharpen; 83; 231.67; 249.14; 393.36
slanderingly; 146; 306.71; 224.78; 259.51
zymome; 220; 287.35; 96.73; 324.43
Hydrogenomonas; 218; 220.98; 128.52; 190.94
remancipation; 200; 432.47; 1.72; 309.27
Baldwin; 106; 360.43; 117.68; 438.36
Adar; 249; 462.04; 129.72; 143.34
bigeminated; 233; 321.99; 405.17; 439.01
outshot; 245; 477.42; 439.1; 443.95
subjectivize; 236; 44.58; 328.19; 381.35
unlimitableness; 105; 130.41; 433.11; 449.66
martensite; 47; 448.23; 344.56; 368.36
ironness; 89; 344.26; 405.91; 419.46
arthromeningitis; 62; 285.43; 411.27; 423.62
Arretine; 23; 36.99; 287.58; 395.63
Senijextee; 17; 129.95; 223.55; 232.34
ansate; 256; 19.74; 92.83; 307.85
soothingness; 250; 433.14; 216.4; 437.6
bizz; 159; 472.72; 346.8; 415.52
ballerina; 244; 247.79; 109.06; 307.44
Laura; 134; 195.63; 222.63; 360.08
drowse; 200; 143.91; 439.92; 448.69
demiss; 91; 432.22; 286.65; 395.58
upyard; 180; 225.02; 147.33; 292.46
glome; 33; 93.21; 210.75; 271.15
jointy; 108; 225.93; 91.1; 399.54
infinite; 226; 121.51; 321.66; 349.11
rutter; 149; 120.65; 317.37; 439.46
Ostara; 204; 79.03; 159.33; 350.66
calcigerous; 193; 378.25; 307.61; 313.32
upboost; 233; 262.64; 209.83; 267.17
divertibility; 15; 238.94; 232.46; 299.49
Arapaho; 137; 204.23; 390.64; 392.97
decimosexto; 176; 221.15; 432.18; 435.88
polyphotal; 108; 232.92; 38.04; 221.64
tune; 69; 163.89; 142.46; 305.03
lectorship; 191; 466.17; 28.71; 391.22
Tillodontia; 101; 247.7; 238.86; 317.98
alkaline; 117; 181.2; 76.91; 103.16
radiogenic; 166; 232.2; 120.57; 203.22
misgivingly; 102; 107.9; 19.2; 205.29
neophytic; 104; 280.07; 362.65; 380.59
mastatrophy; 226; 173.63; 404.48; 422.48
editress; 244; 358.74; 249.36; 321.66
volvocaceous; 23; 306.74; 291.8; 386.13
wittawer; 9; 427.04; 169.54; 400.22
fattable; 161; 163.84; 279.84; 315.97
Epilachnides; 228; 55.03; 270.66; 313.08
streptothricial; 91; 369.72; 315.52; 448.06
overlard; 109; 171.23; 184.11; 363.7
centrally; 172; 317.63; 299.18; 349.5
gnathion; 156; 91.39; 168.46; 251.44
chinless; 136; 345.78; 320.26; 432.13
corycavamine; 38; 232.2; 169.93; 249.17
oppositipetalous; 137; 80.54; 366.12; 393.6
hellanodic; 141; 150.27; 200.41; 344.5
lacertilian; 234; 337.91; 63.31; 326.11
Chalcididae; 2; 95.05; 380.18; 428.1
pulpitry; 217; 335.34; 30.58; 154.73
tlaco; 208; 257.19; 409.23; 426.38
combflower; 161; 465.63; 276.2; 427.23
axal; 71; 240.8; 157.13; 235.38
chagan; 169; 118.86; 323.78; 337.2
Lampong; 147; 78.02; 396.31; 397.97
mire; 111; 99.98; 100.1; 207.66
bagpiper; 232; 440.22; 82.77; 329.84
phoenigm; 205; 339.19; 100.48; 126.37
unplutocratic; 147; 390.51; 188.19; 352.54
crosiered; 77; 478.76; 202.58; 342.75
manganiferous; 203; 117.02; 317.38; 369.42
panner; 223; 212.51; 94.94; 106.2
severish; 95; 239.01; 133.6; 192.47
bergander; 159; 344.1; 419.55; 425.84
nonary; 19; 308.18; 32.4; 342.53
Staphylococcus; 204; 20.47; 440.1; 441.87
unchallengeably; 79; 128.38; 396.93; 426.41
garbure; 220; 352.65; 203.06; 212.28
Goclenian; 106; 393.92; 424.62; 436.07
consonantly; 125; 63.14; 22.83; 201.95
psychopannychist; 131; 168.75; 167.81; 202.67
overtutor; 34; 27.92; 106.06; 441.02
lamiid; 218; 92.91; 194.43; 442.54
Trillium; 63; 236.23; 217.34; 341.47
Wakhi; 18; 391.93; 187.12; 402.54
Zootoca; 247; 20.04; 307.8; 347.98
shelfful; 67; 196.5; 223.35; 371.57
Camaldolese; 86; 397.78; 321.67; 355.66
hypnagogic; 15; 425.83; 337.26; 369.57
reconcealment; 204; 66.57; 50.42; 342.4
violableness; 115; 108.21; 83.3; 197.22
suprahistorical; 190; 309.0; 323.67; 405.15
weaponmaking; 11; 202.78; 76.4; 322.49
paleolithical; 12; 384.5; 200.91; 238.75
ichthyosaur; 235; 274.12; 157.72; 378.46
serviette; 66; 188.66; 93.72; 190.63
insula; 248; 195.38; 350.83; 388.15
overnervously; 20; 308.98; 378.21; 408.67
viscous; 125; 166.99; 178.82; 431.91
prelawfulness; 32; 67.9; 300.61; 441.22
soleness; 164; 311.77; 408.65; 414.38
univorous; 112; 369.93; 3.86; 270.65
elateroid; 153; 0.35; 269.32; 416.59
persuadable; 66; 398.58; 375.84; 431.66
pietic; 3; 239.21; 74.61; 256.93
epicontinental; 195; 399.39; 343.88; 429.42
nardine; 38; 45.99; 154.72; 303.07
rufescent; 186; 411.42; 48.0; 449.27
goyle; 33; 417.27; 350.52; 400.0
allotment; 243; 406.16; 207.2; 350.96
levitate; 1; 29.17; 148.02; 229.22
Arry; 43; 191.75; 180.84; 210.14
webster; 235; 24.37; 322.36; 440.29
Romanistic; 98; 90.15; 55.76; 246.93
odontatrophy; 35; 429.97; 411.35; 416.99
Homam; 79; 26.48; 232.38; 339.45
caricature; 212; 30.22; 76.68; 132.83
placodermoid; 244; 226.64; 156.19; 426.54
archconspirator; 165; 416.38; 250.68; 416.15
weighbauk; 71; 148.64; 254.01; 316.26
74, 10, 128, 184, 172, 123, 151, 260, 239, 14, 236, 141
116, 192, 163, 40, 141, 133, 29, 148, 210, 139, 43, 134, 186, 24, 175, 249, 231, 11, 255, 106, 73, 207, 15
201, 51, 221, 14, 91, 20, 11, 206, 45, 92, 46, 80, 78, 189, 0
134, 116, 202, 125, 139, 230, 244, 243, 168, 0, 146, 71, 51, 40, 1, 42, 141, 60, 210, 130, 28, 81, 98, 78, 31, 33, 104, 256, 197, 131, 10, 200, 84, 258, 231, 16, 44, 188, 45, 175, 166, 101, 261, 67, 239, 177, 221, 192
157, 74, 221, 28, 245, 181, 205, 35, 107, 21, 242, 164, 210, 246, 121, 51, 54, 208
41, 73, 119, 133, 146, 89, 76, 215, 13, 137, 166, 256, 22, 180, 169, 39, 162, 68, 98, 81, 70, 199, 211, 174
247, 257, 63, 108, 203, 13, 224, 72, 88, 59, 176, 17, 39, 217, 30, 105, 11, 233, 33, 123, 29, 99, 240, 56
121, 59, 36, 99, 178, 163, 142, 168, 89
217, 128, 167, 14, 188, 102, 85, 83, 133, 262, 216, 62, 86, 67, 130, 181, 156, 30, 64, 138, 253, 127, 185, 104, 158, 27, 101, 55, 169, 237, 132, 19, 28, 131
259, 209, 131, 75, 236, 255, 125, 250, 59, 54, 114, 52, 50, 14, 138, 186, 221, 189, 188, 182, 206, 167, 184, 149
