1000
590
130
21
bath_salts; 0; 10; 15; 25
cherries; 1; 10; 15; 16
blood_diamonds; 2; 10; 150; 140
gold; 3; 190; 150; 155
rocks; 4; 50; 2; 12
cement_blocks; 5; 199; 1; 100
broccoli; 6; 5; 15; 16
broken_phone; 7; 5; 100; 75
cocaine; 8; 30; 200; 350
grain; 9; 10; 15; 35
diary; 10; 3; 15; 25
clock; 11; 10; 15; 14
grandfather_clock; 12; 40; 100; 200
rubber; 13; 2; 15; 20
paper; 14; 1; 1; 2
pepper; 15; 1; 1; 2
salt; 0; 1; 1; 5
starbucks; 17; 3; 5; 6
apples; 18; 10; 15; 20
plane; 19; 1100; 200; 50000
car; 20; 201; 200; 50000
truck; 20; 155; 2001; 250000
textbook; 22; 15; 100; 60
termites; 23; 3; 10; 25
wood; 24; 10; 15; 25
mountain_dew; 25; 10; 15; 25
boots; 26; 7; 45; 78 
my_soul; 27; 0; 50.87; 188.42
library; 28; 200; 175; 205
gloves; 29; 2; 15; 25
blurp; 30; .50; .30; .33
blurpp; 31; .50; .30; 3.33
blurppp; 32; .50; .30; 3.33
blurpppp; 33; .50; .30; 4.33
blurppppp; 34; .50; .30; 5.33
blurpppppp; 35; .50; .30; 6.33
dorf; 36; .1; 99.99; 99.99
dorff; 36; .1; 99.99; 99.99
bubkiss; 82; 200.1; 103; 198888
bubkisses; 83; 500.1; 90; 198888
dog; 90; 50; 500; 700
cat; 91; 15; 300; 600
lightpost; 92; 100; 100; 150
lightpostt; 92; 100; 100; 150
lightposttt; 92; 100; 100; 150
lightpostttt; 92; 100; 100; 150
lightposssssssssssssstt; 92; 100; 100; 150
lightpostttttttt; 92; 100; 100; 150
lightpooost; 92; 100; 100; 150
lightpiiiiiost; 92; 100; 100; 150
lightpdddost; 92; 100; 100; 150
lightpoddst; 92; 100; 100; 150
lightpossst; 92; 100; 100; 150
doe_library; 93; 100000; 10000000000; 100000000.01
tree; 94; 30; 100; 120
red_wood_tree; 94; 70; 250; 500
aa; 95; 100; 100; 5
aaa; 95; 30; 20; 19
aaaa; 95; 30; 20; 19
aaaaa; 95; 30; 20; 19
aaaaaa; 95; 30; 20; 19
aaaaaaa; 95; 30; 20; 19
aaaaaaaa; 95; 30; 20; 19
Aa; 95; 30; 20; 19.01
Ba; 95; 30; 20; 19.02
Ca; 95; 30; 20; 19.03
Da; 95; 30; 20; 19.04
Ea; 95; 30; 20; 19.05
F; 95; 30; 20; 19.06
Ga; 95; 30; 20; 19.07
Ha; 95; 30; 20; 19.08
ha; 95; 100; 100; 5.09
Ia; 95; 30; 20; 19.09
ia; 95; 30; 20; 19.20
Ja; 95; 30; 20; 19.10
ja; 95; 30; 20; 19.11
Ka; 95; 30; 20; 19.12
ka; 95; 30; 20; 19.13
La; 95; 30; 20; 19.14
la; 95; 30; 20; 19.15
Ma; 95; 30; 20; 19.16
ma; 95; 30; 20; 19.17
Na; 95; 30; 20; 19.18
na; 95; 30; 20; 19.19
Oa; 95; 30; 20; 19.20
oa; 95; 30; 20; 19.21
AAa; 95; 30; 20; 19.01
ABa; 95; 30; 20; 19.02
ACa; 95; 30; 20; 19.03
ADa; 95; 30; 20; 19.04
AEa; 95; 30; 20; 19.05
AF; 95; 30; 20; 19.06
AGa; 95; 30; 20; 19.07
AHa; 95; 30; 20; 19.08
Aha; 95; 100; 100; 5.09
AIa; 95; 30; 20; 1
Aia; 95; 30; 20; 19.20
AJa; 95; 30; 20; 193
Aja; 95; 30; 20; 19.11
AKa; 95; 30; 20; 19.12
Aka; 95; 30; 20; 19.13
ALa; 95; 30; 20; 1234
Ala; 95; 30; 20; 13
AMa; 95; 30; 20; 19.16
Ama; 95; 30; 20; 19.17
ANa; 95; 30; 20; 133
Ana; 95; 30; 20; 10
AOa; 95; 30; 20; 0
Aoa; 95; 30; 20; 0
god; 96; 0; 0; 0
God; 97; 1; 0; 0
A; 98; 1; 1; 2
Aaa; 100; 1; 1; 2
Aaaa; 101; 1; 1; 2
Aaaaa; 102; 1; 1; 2
Aaaaaa; 103; 1; 1; 2
Aaaaaaa; 104; 1; 1; 2
Aaaaaaaa; 105; 1; 1; 2
B; 106; 1; 1; 2
Bb; 107; 1; 1; 2
Bbb; 108; 1; 1; 2
Bbbb; 109; 1; 1; 2
Bbbbb; 110; 1; 1; 2
Bbbbbb; 111; 1; 1; 2
Bbbbbbb; 112; 1; 1; 2
Bbbbbbbb; 113; 1; 1; 2
Aaabbbbb; 114; 1; 1; 2
Aaaaabbb; 115; 1; 1; 2
Aaaaaaab; 116; 1; 1; 2
Aabbbbbb; 117; 1; 1; 2
1, 2
5, 6
8, 9
90, 100
82, 100
96, 97
17, 96
30, 96
91, 96
14, 96
12, 96
13, 14
98, 100
102, 104 
106, 108
110, 112
114, 116
99, 101
103, 105
107, 109
111, 113
115, 117