150
195
67
33
A01; 43; 60; 73; 85
A02; 43; 81; 40; 59
A03; 3; 25; 50; 59
A04; 5; 100; 1; 43
A05; 8; 37; 35; 59
A06; 4; 41; 39; 59
A07; 1; 51; 30; 43
A08; 2; 71; 18; 59
A09; 10; 35; 28; 19
A010; 11; 11; 18; 79
A011; 14; 91; 78; 59
A012; 17; 21; 8; 63
A013; 19; 37; 18; 35
A014; 20; 42; 58; 60
A015; 22; 41; 48; 59
A016; 24; 31; 58; 43
A017; 27; 21; 28; 29
A018; 35; 11; 38; 49
A019; 28; 16; 41; 47
A020; 31; 26; 88; 92
A021; 30; 19; 43; 49
A022; 21; 91; 48; 99
A023; 23; 83; 58; 98
A024; 40; 19; 53; 59
A025; 39; 81; 78; 100
A026; 36; 1; 18; 5
A027; 37; 2; 28; 20
A028; 32; 8; 28; 38
A029; 29; 15; 37; 20
A030; 25; 81; 37; 21
A031; 7; 15; 45; 40
A032; 0; 18; 29; 30
A033; 9; 81; 78; 59
A034; 6; 81; 78; 59
A035; 16; 33; 7; 5
A036; 12; 44; 20; 18
A037; 12; 55; 99; 98
A038; 13; 66; 88; 56
A039; 14; 77; 77; 76
A040; 35; 14; 58; 66
A041; 26; 15; 51; 55
A042; 23; 30; 33; 44
A043; 33; 101; 8; 34
A044; 41; 101; 14; 40
A045; 21; 91; 48; 99
A046; 23; 83; 58; 98
A047; 40; 19; 53; 59
A048; 39; 99; 40; 100
A049; 36; 1; 18; 5
A050; 37; 2; 28; 20
A051; 32; 8; 28; 38
A052; 29; 15; 37; 20
A053; 25; 81; 37; 21
A054; 7; 15; 45; 40
A055; 0; 18; 29; 30
A056; 9; 81; 10; 60
A057; 6; 61; 22; 59
A058; 16; 49; 7; 33
A059; 12; 44; 20; 40
A060; 12; 50; 99; 128
A061; 13; 39; 35; 56
A062; 14; 25; 100; 105
A063; 35; 88; 66; 66
A064; 26; 99; 55; 55
A065; 23; 22; 44; 44
A066; 33; 101; 8; 34
A067; 41; 101; 14; 40
1, 2, 7
3, 4, 5, 8, 39, 36, 38, 43, 29, 31
1, 2, 8, 0, 25, 29, 35, 23, 33, 41, 30, 31
16, 17, 18, 19, 24
20,24,37,40,1
2,20,30,40
41,21,31,34,30,29,28,27,35,42,43
21,0,2,1,17,26,35,39
1,5,8,9,22,27
28,25,26,21,37,39,40
42,38,36,37,35,34,32,30,29,25,24,1,3,4,6,9,10,11
12,13,14,15
0,5,10,15,20,25,30,35,40
1,6,11,16,21,26,31,36,41
2,7,12,17,22,27,32,37,42
3,8,13,18,23,28,33,38,43
4,9,14,19,24,29,34,39
5,10,15,20,25,30,35
43,42
41,40
35,31,30,39
25,20,27
21,22,29,26
1,7,9,10,15,20,35,41,42,43
65,4,5,15,14,25,24,35,34,44,45,66,63,64
58,51,53,55,57
49,50,46,45,44,64,61,62,63,6,60
45,49,50,55,65,62,61,40
1, 2, 8, 0, 25, 29, 35, 23, 33, 41, 30, 31, 49,50,46,45,44,64,61,62,63,68,67
7,12,17,22,27,32,37,42,47,46,53,57,63,65
42,43,44,45,46,47,48,49,50,55,59
53,52,51,61,60,39,2,8,15,32,44,66
58,57,56,55,54,53,52,51,50
49,48,47,46,45,44,42,7,10,15,24,23,30,35,11,55

