25.00
100.01
283
2
big_item; 0; 0.01; 0.01; 249.99
scam; 0; 24.99; 100.00; 0.01
item_1_1; 1; 1.00; 10.00; 30.00
item_1_2; 1; 1.00; 10.00; 30.00
item_1_3; 1; 1.00; 10.00; 30.00
item_1_4; 1; 1.00; 10.00; 30.00
item_1_5; 1; 1.00; 10.00; 30.00
item_1_6; 1; 1.00; 10.00; 30.00
item_1_7; 1; 1.00; 10.00; 30.00
item_1_8; 1; 1.00; 10.00; 30.00
item_1_9; 1; 1.00; 10.00; 30.00
item_1_10; 1; 1.00; 10.00; 31.00
item_1_11; 1; 1.00; 10.00; 32.00
item_1_12; 1; 1.00; 10.00; 33.00
item_1_13; 1; 1.00; 10.00; 34.00
item_1_14; 1; 1.00; 10.00; 35.00
item_1_15; 1; 1.00; 10.00; 36.00
item_1_16; 1; 1.00; 10.00; 37.00
item_4_3; 2; 1.24; 0.99; 341.12
item_4_4; 2; 0.01; 0.01; 0.01
item_1_17; 1; 1.00; 10.00; 38.00
item_1_18; 1; 1.00; 10.00; 39.00
item_1_19; 1; 1.00; 10.00; 40.00
item_1_20; 1; 1.00; 10.00; 41.00
item_1_21; 1; 1.00; 10.00; 42.00
item_1_22; 1; 1.00; 10.00; 43.00
item_1_23; 1; 1.00; 10.00; 44.00
item_1_24; 1; 1.00; 10.00; 45.00
item_1_25; 1; 1.00; 10.00; 46.00
item_2_1; 3; 11.00; 0.04; 88.88
item_2_2; 3; 11.00; 0.04; 88.88
item_3_1; 4; 0.10; 0.01; 2.49
item_3_2; 4; 0.10; 0.02; 2.48
item_3_3; 4; 0.10; 0.03; 2.47
item_3_4; 4; 0.10; 0.04; 2.46
item_3_5; 4; 0.10; 0.05; 2.45
item_3_6; 4; 0.10; 0.06; 2.44
item_3_7; 4; 0.10; 0.07; 2.43
item_3_8; 4; 0.10; 0.08; 2.42
item_3_9; 4; 0.10; 0.09; 2.41
item_3_10; 4; 0.10; 0.1; 2.4
item_3_11; 4; 0.10; 0.11; 2.39
item_3_12; 4; 0.10; 0.12; 2.38
item_3_13; 4; 0.10; 0.13; 2.37
item_3_14; 4; 0.10; 0.14; 2.36
item_3_15; 4; 0.10; 0.15; 2.35
item_3_16; 4; 0.10; 0.16; 2.34
item_3_17; 4; 0.10; 0.17; 2.33
item_3_18; 4; 0.10; 0.18; 2.32
item_3_19; 4; 0.10; 0.19; 2.31
item_3_20; 4; 0.10; 0.2; 2.3
item_3_21; 4; 0.10; 0.21; 2.29
item_3_22; 4; 0.10; 0.22; 2.28
item_3_23; 4; 0.10; 0.23; 2.27
item_3_24; 4; 0.10; 0.24; 2.26
item_3_25; 4; 0.10; 0.25; 2.25
item_3_26; 4; 0.10; 0.26; 2.24
item_3_27; 4; 0.10; 0.27; 2.23
item_3_28; 4; 0.10; 0.28; 2.22
item_3_29; 4; 0.10; 0.29; 2.21
item_3_30; 4; 0.10; 0.3; 2.2
item_3_31; 4; 0.10; 0.31; 2.19
item_3_32; 4; 0.10; 0.32; 2.18
item_3_33; 4; 0.10; 0.33; 2.17
item_3_34; 4; 0.10; 0.34; 2.16
item_3_35; 4; 0.10; 0.35; 2.15
item_3_36; 4; 0.10; 0.36; 2.14
item_3_37; 4; 0.10; 0.37; 2.13
item_3_38; 4; 0.10; 0.38; 2.12
item_3_39; 4; 0.10; 0.39; 2.11
item_3_40; 4; 0.10; 0.4; 2.1
item_3_41; 4; 0.10; 0.41; 2.09
item_3_42; 4; 0.10; 0.42; 2.08
item_3_43; 4; 0.10; 0.43; 2.07
item_3_44; 4; 0.10; 0.44; 2.06
item_3_45; 4; 0.10; 0.45; 2.05
item_3_46; 4; 0.10; 0.46; 2.04
item_3_47; 4; 0.10; 0.47; 2.03
item_3_48; 4; 0.10; 0.48; 2.02
item_3_49; 4; 0.10; 0.49; 2.01
item_3_50; 4; 0.10; 0.5; 2.0
item_3_51; 4; 0.10; 0.51; 1.99
item_3_52; 4; 0.10; 0.52; 1.98
item_3_53; 4; 0.10; 0.53; 1.97
item_3_54; 4; 0.10; 0.54; 1.96
item_3_55; 4; 0.10; 0.55; 1.95
item_3_56; 4; 0.10; 0.56; 1.94
item_3_57; 4; 0.10; 0.57; 1.93
item_3_58; 4; 0.10; 0.58; 1.92
item_4_2; 5; 2.00; 1.48; 299.98
item_3_59; 4; 0.10; 0.59; 1.91
item_3_60; 4; 0.10; 0.6; 1.9
item_3_61; 4; 0.10; 0.61; 1.89
item_3_62; 4; 0.10; 0.62; 1.88
item_3_63; 4; 0.10; 0.63; 1.87
item_3_64; 4; 0.10; 0.64; 1.86
item_3_65; 4; 0.10; 0.65; 1.85
item_3_66; 4; 0.10; 0.66; 1.84
item_3_67; 4; 0.10; 0.67; 1.83
item_3_68; 4; 0.10; 0.68; 1.82
item_3_69; 4; 0.10; 0.69; 1.81
item_3_70; 4; 0.10; 0.70; 1.80
item_3_71; 4; 0.10; 0.71; 1.79
item_3_72; 4; 0.10; 0.72; 1.78
item_3_73; 4; 0.10; 0.73; 1.77
item_3_74; 4; 0.10; 0.74; 1.76
item_3_75; 4; 0.10; 0.75; 1.75
item_3_76; 4; 0.10; 0.76; 1.74
item_3_77; 4; 0.10; 0.77; 1.73
item_3_78; 4; 0.10; 0.78; 1.72
item_3_79; 4; 0.10; 0.79; 1.71
item_3_80; 4; 0.10; 0.8; 1.7
item_3_81; 4; 0.10; 0.81; 1.69
item_3_82; 4; 0.10; 0.82; 1.68
item_3_83; 4; 0.10; 0.83; 1.67
item_3_84; 4; 0.10; 0.84; 1.66
item_3_85; 4; 0.10; 0.85; 1.65
item_3_86; 4; 0.10; 0.86; 1.64
item_3_87; 4; 0.10; 0.87; 1.63
item_3_88; 4; 0.10; 0.88; 1.62
item_3_89; 4; 0.10; 0.89; 1.61
item_3_90; 4; 0.10; 0.9; 1.6
item_3_91; 4; 0.10; 0.91; 1.59
item_3_92; 4; 0.10; 0.92; 1.58
item_3_93; 4; 0.10; 0.93; 1.57
item_3_94; 4; 0.10; 0.94; 1.56
item_3_95; 4; 0.10; 0.95; 1.55
item_3_96; 4; 0.10; 0.96; 1.54
item_3_97; 4; 0.10; 0.97; 1.53
item_3_98; 4; 0.10; 0.98; 1.52
item_3_99; 4; 0.10; 0.99; 1.51
item_3_100; 4; 0.10; 1.0; 1.5
item_3_101; 4; 0.10; 1.01; 1.49
item_3_102; 4; 0.10; 1.02; 1.48
item_3_103; 4; 0.10; 1.03; 1.47
item_3_104; 4; 0.10; 1.04; 1.46
item_3_105; 4; 0.10; 1.05; 1.45
item_3_106; 4; 0.10; 1.06; 1.44
item_3_107; 4; 0.10; 1.07; 1.43
item_3_108; 4; 0.10; 1.08; 1.42
item_3_109; 4; 0.10; 1.09; 1.41
item_3_110; 4; 0.10; 1.1; 1.4
item_3_111; 4; 0.10; 1.11; 1.39
item_3_112; 4; 0.10; 1.12; 1.38
item_3_113; 4; 0.10; 1.13; 1.37
item_3_114; 4; 0.10; 1.14; 1.36
item_3_115; 4; 0.10; 1.15; 1.35
item_3_116; 4; 0.10; 1.16; 1.34
item_3_117; 4; 0.10; 1.17; 1.33
item_3_118; 4; 0.10; 1.18; 1.32
item_3_119; 4; 0.10; 1.19; 1.31
item_3_120; 4; 0.10; 1.2; 1.3
item_3_121; 4; 0.10; 1.21; 1.29
item_3_122; 4; 0.10; 1.22; 1.28
item_3_123; 4; 0.10; 1.23; 1.27
item_3_124; 4; 0.10; 1.24; 1.26
item_3_125; 4; 0.10; 1.25; 1.25
item_3_126; 4; 0.10; 1.26; 1.24
item_3_127; 4; 0.10; 1.27; 1.23
item_3_128; 4; 0.10; 1.28; 1.22
item_3_129; 4; 0.10; 1.29; 1.21
item_3_130; 4; 0.10; 1.3; 1.2
item_3_131; 4; 0.10; 1.31; 1.19
item_3_132; 4; 0.10; 1.32; 1.18
item_3_133; 4; 0.10; 1.33; 1.17
item_3_134; 4; 0.10; 1.34; 1.16
item_3_135; 4; 0.10; 1.35; 1.15
item_3_136; 4; 0.10; 1.36; 1.14
item_3_137; 4; 0.10; 1.37; 1.13
item_3_138; 4; 0.10; 1.38; 1.12
item_3_139; 4; 0.10; 1.39; 1.11
item_3_140; 4; 0.10; 1.40; 1.10
item_3_141; 4; 0.10; 1.41; 1.09
item_3_142; 4; 0.10; 1.42; 1.08
item_3_143; 4; 0.10; 1.43; 1.07
item_3_144; 4; 0.10; 1.44; 1.06
item_3_145; 4; 0.10; 1.45; 1.05
item_3_146; 4; 0.10; 1.46; 1.04
item_3_147; 4; 0.10; 1.47; 1.03
item_3_148; 4; 0.10; 1.48; 1.02
item_3_149; 4; 0.10; 1.49; 1.01
item_3_150; 4; 0.10; 1.5; 1.0
item_3_151; 4; 0.10; 1.51; 0.99
item_3_152; 4; 0.10; 1.52; 0.98
item_3_153; 4; 0.10; 1.53; 0.97
item_3_154; 4; 0.10; 1.54; 0.96
item_3_155; 4; 0.10; 1.55; 0.95
item_3_156; 4; 0.10; 1.56; 0.94
item_3_157; 4; 0.10; 1.57; 0.93
item_3_158; 4; 0.10; 1.58; 0.92
item_3_159; 4; 0.10; 1.59; 0.91
item_3_160; 4; 0.10; 1.6; 0.90
item_3_161; 4; 0.10; 1.61; 0.89
item_3_162; 4; 0.10; 1.62; 0.88
item_3_163; 4; 0.10; 1.63; 0.87
item_3_164; 4; 0.10; 1.64; 0.86
item_3_165; 4; 0.10; 1.65; 0.85
item_3_166; 4; 0.10; 1.66; 0.84
item_3_167; 4; 0.10; 1.67; 0.83
item_3_168; 4; 0.10; 1.68; 0.82
item_3_169; 4; 0.10; 1.69; 0.81
item_3_170; 4; 0.10; 1.7; 0.8
item_3_171; 4; 0.10; 1.71; 0.79
item_3_172; 4; 0.10; 1.72; 0.78
item_3_173; 4; 0.10; 1.73; 0.77
item_3_174; 4; 0.10; 1.74; 0.76
item_3_175; 4; 0.10; 1.75; 0.75
item_3_176; 4; 0.10; 1.76; 0.74
item_3_177; 4; 0.10; 1.77; 0.73
item_3_178; 4; 0.10; 1.78; 0.72
item_3_179; 4; 0.10; 1.79; 0.71
item_3_180; 4; 0.10; 1.8; 0.7
item_3_181; 4; 0.10; 1.81; 0.69
item_3_182; 4; 0.10; 1.82; 0.68
item_3_183; 4; 0.10; 1.83; 0.67
item_3_184; 4; 0.10; 1.84; 0.66
item_3_185; 4; 0.10; 1.85; 0.65
item_3_186; 4; 0.10; 1.86; 0.64
item_3_187; 4; 0.10; 1.87; 0.63
item_3_188; 4; 0.10; 1.88; 0.62
item_3_189; 4; 0.10; 1.89; 0.61
item_3_190; 4; 0.10; 1.90; 0.60
item_3_191; 4; 0.10; 1.91; 0.59
item_3_192; 4; 0.10; 1.92; 0.58
item_3_193; 4; 0.10; 1.93; 0.57
item_3_194; 4; 0.10; 1.94; 0.56
item_3_195; 4; 0.10; 1.95; 0.55
item_3_196; 4; 0.10; 1.96; 0.54
item_3_197; 4; 0.10; 1.97; 0.53
item_3_198; 4; 0.10; 1.98; 0.52
item_3_199; 4; 0.10; 1.99; 0.51
item_3_200; 4; 0.10; 2.0; 0.5
item_3_201; 4; 0.10; 2.01; 0.49
item_3_202; 4; 0.10; 2.02; 0.48
item_3_203; 4; 0.10; 2.03; 0.47
item_3_204; 4; 0.10; 2.04; 0.46
item_3_205; 4; 0.10; 2.05; 0.45
item_3_206; 4; 0.10; 2.06; 0.44
item_3_207; 4; 0.10; 2.07; 0.43
item_3_208; 4; 0.10; 2.08; 0.42
item_3_209; 4; 0.10; 2.09; 0.41
item_3_210; 4; 0.10; 2.1; 0.40
item_3_211; 4; 0.10; 2.11; 0.39
item_3_212; 4; 0.10; 2.12; 0.38
item_3_213; 4; 0.10; 2.13; 0.37
item_3_214; 4; 0.10; 2.14; 0.36
item_3_215; 4; 0.10; 2.15; 0.35
item_3_216; 4; 0.10; 2.16; 0.34
item_3_217; 4; 0.10; 2.17; 0.33
item_3_218; 4; 0.10; 2.18; 0.32
item_3_219; 4; 0.10; 2.19; 0.31
item_3_220; 4; 0.10; 2.2; 0.30
item_3_221; 4; 0.10; 2.21; 0.29
item_3_222; 4; 0.10; 2.22; 0.28
item_3_223; 4; 0.10; 2.23; 0.27
item_3_224; 4; 0.10; 2.24; 0.26
item_3_225; 4; 0.10; 2.25; 0.25
item_3_226; 4; 0.10; 2.26; 0.24
item_3_227; 4; 0.10; 2.27; 0.23
item_3_228; 4; 0.10; 2.28; 0.22
item_3_229; 4; 0.10; 2.29; 0.21
item_3_230; 4; 0.10; 2.30; 0.20
item_3_231; 4; 0.10; 2.31; 0.19
item_3_232; 4; 0.10; 2.32; 0.18
item_3_233; 4; 0.10; 2.33; 0.17
item_3_234; 4; 0.10; 2.34; 0.16
item_3_235; 4; 0.10; 2.35; 0.15
item_3_236; 4; 0.10; 2.36; 0.14
item_3_237; 4; 0.10; 2.37; 0.13
item_3_238; 4; 0.10; 2.38; 0.12
item_3_239; 4; 0.10; 2.39; 0.11
item_3_240; 4; 0.10; 2.4; 0.10
item_3_241; 4; 0.10; 2.41; 0.09
item_3_242; 4; 0.10; 2.42; 0.08
item_3_243; 4; 0.10; 2.43; 0.07
item_3_244; 4; 0.10; 2.44; 0.06
item_3_245; 4; 0.10; 2.45; 0.05
item_3_246; 4; 0.10; 2.46; 0.04
item_3_247; 4; 0.10; 2.47; 0.03
item_3_248; 4; 0.10; 2.48; 0.02
item_3_249; 4; 0.10; 2.49; 0.01
item_3_250; 4; 0.10; 2.5; 0.01
item_4_1; 6; 23.00; 99.00; 0.50
0, 1, 4, 6
1, 2, 3, 4, 5, 6
