100000
100000
1000
100
item_0; 556; 415.6; 193.36; 471.4
item_1; 107; 460.88; 213.22; 259.04
item_2; 522; 434.82; 119.89; 405.32
item_3; 269; 235.52; 35.11; 373.7
item_4; 272; 345.21; 9.12; 377.78
item_5; 22; 345.99; 107.67; 470.24
item_6; 12; 292.73; 301.67; 395.88
item_7; 311; 56.92; 233.47; 256.25
item_8; 518; 239.25; 92.97; 442.17
item_9; 50; 38.66; 105.92; 387.49
item_10; 3; 191.49; 213.49; 417.72
item_11; 559; 78.89; 83.79; 362.97
item_12; 570; 475.76; 54.65; 181.84
item_13; 369; 98.83; 59.39; 258.56
item_14; 722; 182.69; 346.94; 418.45
item_15; 512; 498.96; 125.96; 171.39
item_16; 498; 5.12; 142.54; 261.76
item_17; 396; 385.37; 347.81; 461.87
item_18; 564; 343.18; 459.94; 481.89
item_19; 612; 320.12; 213.52; 226.95
item_20; 101; 474.56; 186.59; 330.03
item_21; 521; 65.84; 428.43; 452.11
item_22; 609; 20.16; 21.11; 334.88
item_23; 707; 161.61; 23.07; 220.27
item_24; 667; 448.09; 185.61; 488.11
item_25; 219; 398.44; 39.92; 396.22
item_26; 259; 7.46; 18.26; 289.04
item_27; 329; 10.13; 281.88; 495.31
item_28; 526; 28.33; 324.71; 438.24
item_29; 62; 325.16; 417.4; 485.77
item_30; 540; 34.61; 333.89; 337.05
item_31; 216; 218.53; 246.1; 288.99
item_32; 376; 398.2; 44.49; 477.94
item_33; 431; 0.4; 365.41; 424.59
item_34; 220; 305.51; 221.15; 418.42
item_35; 235; 157.63; 46.53; 224.35
item_36; 395; 456.51; 201.53; 431.81
item_37; 607; 251.01; 90.04; 280.47
item_38; 289; 319.36; 170.45; 254.82
item_39; 101; 161.02; 120.18; 420.3
item_40; 543; 113.94; 447.55; 454.61
item_41; 449; 262.8; 229.28; 343.31
item_42; 116; 446.79; 123.77; 220.27
item_43; 10; 212.01; 259.38; 397.23
item_44; 584; 168.58; 278.08; 412.24
item_45; 318; 22.73; 4.87; 369.54
item_46; 544; 215.76; 39.95; 284.57
item_47; 448; 164.39; 175.47; 202.51
item_48; 250; 85.16; 72.21; 469.26
item_49; 596; 74.35; 244.96; 355.84
item_50; 620; 157.44; 223.55; 450.43
item_51; 741; 216.38; 89.61; 373.45
item_52; 87; 2.2; 128.18; 423.72
item_53; 265; 340.11; 176.59; 489.18
item_54; 466; 483.83; 88.83; 353.78
item_55; 662; 278.7; 31.79; 443.1
item_56; 501; 102.66; 218.86; 491.96
item_57; 489; 98.65; 307.63; 414.9
item_58; 567; 498.03; 326.95; 429.37
item_59; 607; 240.84; 74.55; 491.64
item_60; 666; 378.64; 225.93; 463.88
item_61; 63; 165.81; 39.4; 294.28
item_62; 61; 122.78; 311.9; 397.53
item_63; 639; 94.09; 307.23; 369.15
item_64; 741; 438.1; 122.89; 209.79
item_65; 691; 33.2; 95.11; 356.1
item_66; 658; 281.91; 284.73; 438.09
item_67; 111; 179.78; 120.19; 195.71
item_68; 35; 310.41; 84.24; 231.99
item_69; 52; 132.5; 367.05; 369.97
item_70; 452; 331.86; 107.71; 245.05
item_71; 57; 152.07; 43.09; 397.18
item_72; 570; 97.11; 191.21; 494.31
item_73; 384; 204.87; 70.26; 426.24
item_74; 345; 144.05; 60.32; 66.92
item_75; 587; 454.68; 60.29; 226.85
item_76; 245; 84.31; 105.8; 304.35
item_77; 177; 252.92; 271.5; 395.76
item_78; 608; 247.48; 72.62; 341.14
item_79; 290; 0.22; 283.08; 336.28
item_80; 504; 345.44; 88.2; 97.3
item_81; 714; 331.1; 148.1; 418.29
item_82; 527; 476.58; 78.64; 280.89
item_83; 371; 495.32; 3.05; 40.3
item_84; 284; 142.83; 130.69; 258.58
item_85; 496; 116.37; 110.54; 164.11
item_86; 265; 93.28; 143.98; 253.34
item_87; 361; 167.26; 151.36; 216.41
item_88; 309; 401.59; 303.77; 489.24
item_89; 33; 324.19; 394.86; 498.81
item_90; 344; 218.37; 76.28; 176.08
item_91; 132; 232.63; 91.16; 213.6
item_92; 617; 6.07; 267.39; 334.48
item_93; 156; 303.48; 20.33; 36.88
item_94; 739; 147.91; 102.24; 319.83
item_95; 518; 299.3; 0.37; 406.01
item_96; 361; 92.25; 3.73; 282.61
item_97; 661; 225.03; 99.28; 415.38
item_98; 108; 248.77; 105.24; 302.01
item_99; 213; 413.19; 452.83; 465.09
item_100; 68; 436.26; 123.41; 136.01
item_101; 605; 0.89; 210.85; 365.77
item_102; 244; 285.93; 14.17; 466.59
item_103; 311; 412.12; 186.27; 392.99
item_104; 199; 472.66; 413.26; 435.28
item_105; 373; 78.14; 70.3; 142.02
item_106; 45; 130.85; 143.54; 377.06
item_107; 195; 146.72; 118.42; 455.61
item_108; 565; 453.48; 289.6; 395.73
item_109; 188; 348.83; 233.25; 459.05
item_110; 505; 485.58; 55.82; 269.71
item_111; 338; 457.18; 184.68; 480.06
item_112; 555; 370.63; 295.78; 327.58
item_113; 368; 193.9; 80.89; 218.26
item_114; 673; 271.34; 286.15; 403.15
item_115; 416; 317.24; 114.3; 435.9
item_116; 657; 135.09; 73.59; 461.99
item_117; 227; 363.1; 123.16; 356.46
item_118; 672; 335.01; 70.95; 474.08
item_119; 34; 488.14; 107.42; 493.42
item_120; 589; 126.98; 66.11; 98.91
item_121; 466; 321.07; 150.75; 444.6
item_122; 559; 100.19; 48.57; 56.09
item_123; 586; 280.51; 31.61; 230.87
item_124; 673; 286.4; 45.2; 245.66
item_125; 472; 127.89; 124.71; 415.87
item_126; 569; 196.61; 167.38; 371.8
item_127; 55; 78.26; 78.22; 265.87
item_128; 398; 197.61; 0.61; 150.18
item_129; 565; 65.89; 308.87; 470.96
item_130; 498; 310.27; 63.67; 108.11
item_131; 614; 482.11; 33.14; 139.16
item_132; 555; 99.53; 26.15; 113.61
item_133; 72; 5.33; 323.4; 342.95
item_134; 292; 188.61; 254.8; 326.05
item_135; 652; 469.0; 275.82; 359.51
item_136; 378; 476.02; 313.5; 330.83
item_137; 194; 283.1; 166.96; 367.77
item_138; 393; 7.47; 136.08; 272.42
item_139; 547; 26.47; 335.17; 357.64
item_140; 433; 366.61; 153.05; 302.82
item_141; 551; 4.37; 241.75; 280.56
item_142; 713; 358.36; 337.38; 413.51
item_143; 98; 350.76; 124.05; 350.79
item_144; 314; 258.38; 279.21; 284.69
item_145; 572; 317.65; 121.91; 211.15
item_146; 726; 325.06; 246.63; 278.24
item_147; 556; 258.68; 6.79; 211.99
item_148; 424; 463.19; 20.12; 370.53
item_149; 294; 174.22; 68.3; 126.15
item_150; 324; 363.61; 358.06; 431.23
item_151; 117; 139.64; 425.13; 444.91
item_152; 14; 175.53; 202.23; 290.45
item_153; 636; 120.26; 142.86; 466.69
item_154; 275; 367.54; 75.09; 208.52
item_155; 744; 26.89; 37.19; 188.12
item_156; 73; 157.23; 69.18; 310.14
item_157; 16; 174.58; 49.35; 317.35
item_158; 447; 310.88; 234.75; 411.31
item_159; 107; 401.93; 151.51; 330.88
item_160; 360; 424.96; 374.42; 477.52
item_161; 559; 381.98; 17.55; 63.61
item_162; 16; 22.25; 247.23; 287.79
item_163; 111; 21.38; 415.89; 453.05
item_164; 736; 157.49; 295.18; 319.93
item_165; 612; 486.99; 110.54; 247.81
item_166; 302; 219.41; 31.05; 336.29
item_167; 2; 72.68; 122.24; 400.7
item_168; 119; 318.57; 358.68; 378.92
item_169; 485; 215.41; 123.66; 159.86
item_170; 309; 412.35; 290.94; 435.39
item_171; 691; 444.21; 167.54; 377.01
item_172; 75; 201.4; 289.44; 449.57
item_173; 77; 497.36; 114.38; 134.37
item_174; 633; 462.9; 128.32; 492.41
item_175; 474; 139.5; 145.03; 433.34
item_176; 248; 343.99; 283.04; 297.35
item_177; 638; 364.65; 359.15; 379.93
item_178; 659; 263.27; 366.11; 368.75
item_179; 138; 333.92; 124.25; 429.24
item_180; 611; 108.66; 77.16; 208.17
item_181; 614; 390.62; 230.34; 289.58
item_182; 488; 145.68; 98.2; 380.17
item_183; 713; 15.63; 31.94; 48.46
item_184; 131; 446.34; 58.71; 303.44
item_185; 737; 492.04; 12.33; 322.32
item_186; 124; 84.12; 70.73; 248.4
item_187; 562; 76.53; 195.19; 396.35
item_188; 196; 349.76; 46.32; 122.7
item_189; 32; 301.4; 23.5; 475.77
item_190; 408; 497.1; 144.82; 481.13
item_191; 492; 447.86; 155.83; 425.4
item_192; 209; 308.51; 22.07; 110.7
item_193; 46; 415.66; 198.08; 321.25
item_194; 677; 257.22; 75.6; 345.88
item_195; 43; 293.4; 208.97; 240.63
item_196; 485; 413.24; 58.74; 437.16
item_197; 605; 217.61; 216.13; 432.52
item_198; 145; 220.98; 75.51; 177.85
item_199; 232; 356.57; 63.26; 247.71
item_200; 3; 44.32; 0.73; 221.63
item_201; 366; 316.93; 50.93; 240.01
item_202; 63; 227.93; 126.04; 398.29
item_203; 665; 488.51; 96.77; 130.15
item_204; 584; 189.28; 184.96; 406.62
item_205; 560; 247.17; 174.93; 339.08
item_206; 325; 339.8; 14.21; 325.68
item_207; 321; 349.69; 3.16; 89.01
item_208; 381; 293.48; 87.84; 460.04
item_209; 84; 392.01; 474.49; 493.15
item_210; 34; 180.96; 143.25; 478.01
item_211; 578; 246.49; 55.67; 317.36
item_212; 447; 406.03; 337.06; 383.27
item_213; 666; 425.33; 72.63; 364.58
item_214; 273; 120.6; 39.79; 454.59
item_215; 359; 329.34; 81.84; 492.31
item_216; 594; 154.97; 94.21; 487.82
item_217; 577; 311.43; 159.63; 432.16
item_218; 644; 122.55; 52.05; 405.83
item_219; 474; 106.93; 477.92; 499.72
item_220; 330; 420.72; 238.7; 383.5
item_221; 250; 436.83; 91.47; 191.85
item_222; 223; 321.37; 168.56; 234.4
item_223; 304; 387.47; 435.55; 467.48
item_224; 582; 292.07; 329.39; 433.91
item_225; 654; 11.13; 186.89; 306.87
item_226; 167; 231.79; 309.96; 380.64
item_227; 430; 419.59; 196.91; 446.1
item_228; 250; 473.77; 130.68; 446.26
item_229; 91; 241.95; 52.12; 437.31
item_230; 642; 478.34; 239.19; 473.83
item_231; 602; 482.27; 392.07; 416.51
item_232; 346; 85.85; 72.25; 244.34
item_233; 403; 272.1; 198.11; 432.0
item_234; 468; 8.53; 172.64; 440.31
item_235; 407; 69.41; 120.16; 210.1
item_236; 140; 209.62; 7.56; 8.11
item_237; 218; 49.25; 240.48; 287.58
item_238; 425; 411.71; 92.31; 379.19
item_239; 507; 147.67; 100.26; 292.02
item_240; 666; 355.11; 18.71; 456.15
item_241; 466; 424.67; 15.55; 341.59
item_242; 606; 184.73; 86.31; 418.7
item_243; 100; 481.59; 398.57; 475.45
item_244; 213; 159.41; 415.76; 448.38
item_245; 302; 422.11; 164.81; 341.44
item_246; 95; 374.25; 447.23; 469.27
item_247; 384; 187.23; 272.83; 421.17
item_248; 305; 154.17; 324.49; 348.99
item_249; 406; 129.28; 120.19; 392.29
item_250; 470; 350.4; 23.21; 72.0
item_251; 106; 177.77; 5.83; 54.66
item_252; 740; 91.72; 139.65; 313.67
item_253; 645; 408.11; 18.08; 80.47
item_254; 222; 147.33; 17.14; 469.84
item_255; 531; 121.42; 436.97; 447.83
item_256; 395; 48.47; 82.14; 170.07
item_257; 518; 362.29; 337.39; 483.96
item_258; 206; 249.87; 11.37; 96.25
item_259; 187; 40.61; 24.45; 239.97
item_260; 420; 74.8; 221.46; 451.75
item_261; 598; 131.29; 354.26; 402.79
item_262; 166; 30.26; 356.26; 388.68
item_263; 398; 480.64; 330.22; 457.45
item_264; 44; 241.88; 106.87; 415.72
item_265; 74; 358.97; 322.69; 464.24
item_266; 15; 421.68; 193.62; 242.76
item_267; 724; 67.7; 61.26; 295.73
item_268; 683; 407.8; 97.85; 226.28
item_269; 69; 176.81; 41.33; 319.1
item_270; 607; 481.95; 146.17; 468.94
item_271; 598; 249.54; 78.71; 125.84
item_272; 481; 104.8; 6.77; 141.68
item_273; 32; 394.5; 175.35; 397.84
item_274; 12; 403.75; 151.57; 463.76
item_275; 106; 368.35; 348.93; 390.87
item_276; 217; 453.82; 136.12; 398.38
item_277; 41; 261.97; 103.84; 124.9
item_278; 589; 456.07; 79.73; 252.94
item_279; 597; 479.69; 184.42; 206.68
item_280; 252; 338.73; 259.81; 401.43
item_281; 271; 157.16; 248.16; 299.49
item_282; 316; 126.58; 158.7; 332.9
item_283; 244; 178.91; 433.63; 495.7
item_284; 532; 439.16; 298.56; 460.34
item_285; 371; 473.31; 219.86; 473.34
item_286; 220; 441.17; 105.56; 295.36
item_287; 655; 166.72; 50.53; 315.82
item_288; 668; 426.97; 222.3; 225.1
item_289; 633; 380.05; 146.44; 160.68
item_290; 102; 178.4; 16.33; 271.7
item_291; 416; 400.85; 450.89; 491.69
item_292; 569; 260.93; 74.97; 165.0
item_293; 700; 484.2; 323.14; 474.93
item_294; 458; 327.73; 40.77; 53.23
item_295; 247; 55.9; 257.49; 487.39
item_296; 624; 148.9; 71.44; 154.2
item_297; 452; 461.7; 171.13; 466.52
item_298; 225; 419.83; 119.77; 276.22
item_299; 669; 318.99; 99.34; 441.87
item_300; 373; 260.83; 3.48; 216.78
item_301; 274; 103.63; 15.13; 27.48
item_302; 321; 236.63; 138.75; 173.79
item_303; 74; 163.25; 215.51; 406.41
item_304; 643; 178.58; 442.3; 494.71
item_305; 354; 207.35; 298.14; 489.74
item_306; 374; 105.26; 70.62; 407.32
item_307; 559; 13.52; 113.06; 141.36
item_308; 242; 435.65; 461.28; 493.55
item_309; 333; 446.45; 115.76; 364.7
item_310; 480; 466.92; 118.82; 302.27
item_311; 404; 312.07; 64.35; 202.16
item_312; 296; 128.01; 368.9; 442.03
item_313; 361; 427.79; 341.35; 341.98
item_314; 710; 440.52; 188.88; 386.63
item_315; 616; 116.88; 14.98; 108.72
item_316; 498; 151.06; 110.88; 471.32
item_317; 71; 356.3; 327.52; 491.55
item_318; 473; 417.95; 95.5; 348.24
item_319; 347; 468.11; 261.21; 477.38
item_320; 63; 13.19; 192.29; 258.27
item_321; 479; 349.63; 360.83; 457.48
item_322; 21; 354.11; 270.71; 427.75
item_323; 452; 261.68; 23.06; 47.72
item_324; 417; 299.36; 379.68; 448.3
item_325; 187; 298.23; 156.9; 458.31
item_326; 256; 215.73; 257.4; 393.06
item_327; 368; 361.42; 52.24; 70.74
item_328; 23; 270.21; 51.88; 184.8
item_329; 535; 428.85; 239.13; 330.42
item_330; 625; 361.36; 353.71; 414.08
item_331; 618; 75.23; 64.2; 324.27
item_332; 417; 456.93; 13.97; 232.37
item_333; 618; 431.93; 218.36; 247.55
item_334; 276; 172.89; 387.41; 393.17
item_335; 287; 439.05; 93.5; 283.44
item_336; 718; 127.99; 131.41; 392.89
item_337; 213; 252.76; 306.64; 391.22
item_338; 495; 187.67; 106.09; 452.84
item_339; 632; 312.46; 258.55; 286.63
item_340; 574; 431.47; 78.93; 218.9
item_341; 234; 69.42; 250.71; 334.55
item_342; 644; 128.94; 176.5; 196.9
item_343; 530; 399.05; 336.09; 378.79
item_344; 67; 1.52; 226.26; 437.85
item_345; 169; 408.93; 383.41; 402.59
item_346; 732; 220.73; 169.98; 371.92
item_347; 228; 115.17; 261.54; 486.0
item_348; 734; 203.64; 96.82; 115.07
item_349; 78; 434.85; 101.5; 242.58
item_350; 242; 99.99; 408.04; 457.72
item_351; 681; 102.36; 269.13; 318.66
item_352; 520; 112.87; 321.18; 428.5
item_353; 75; 340.61; 133.8; 492.2
item_354; 266; 293.72; 302.22; 413.66
item_355; 489; 470.16; 126.39; 281.81
item_356; 715; 180.45; 115.45; 274.14
item_357; 448; 206.17; 275.79; 295.17
item_358; 269; 89.76; 276.17; 440.71
item_359; 41; 329.38; 54.82; 251.96
item_360; 336; 311.83; 55.11; 159.31
item_361; 325; 89.28; 17.59; 455.98
item_362; 637; 57.58; 116.29; 187.6
item_363; 203; 27.38; 277.08; 386.99
item_364; 159; 270.23; 228.16; 449.06
item_365; 147; 384.34; 10.41; 195.7
item_366; 380; 83.01; 34.25; 160.56
item_367; 552; 420.94; 194.04; 459.14
item_368; 379; 407.1; 220.08; 470.25
item_369; 742; 309.72; 255.25; 469.32
item_370; 274; 493.89; 166.83; 245.48
item_371; 356; 188.58; 409.5; 438.96
item_372; 579; 4.57; 83.78; 454.8
item_373; 666; 353.67; 118.37; 212.7
item_374; 514; 68.36; 101.42; 401.65
item_375; 384; 46.3; 53.49; 358.61
item_376; 54; 34.44; 87.07; 201.82
item_377; 278; 341.53; 234.42; 458.46
item_378; 502; 42.32; 33.46; 186.38
item_379; 64; 251.18; 76.56; 293.18
item_380; 579; 155.11; 38.45; 282.72
item_381; 62; 369.13; 101.88; 226.42
item_382; 727; 368.93; 85.57; 88.9
item_383; 574; 220.86; 89.63; 157.88
item_384; 272; 126.16; 14.02; 251.19
item_385; 297; 291.55; 210.88; 417.94
item_386; 233; 251.29; 203.35; 286.59
item_387; 342; 471.88; 291.25; 408.53
item_388; 459; 380.6; 99.13; 170.13
item_389; 230; 256.99; 50.76; 432.47
item_390; 267; 316.64; 241.27; 254.51
item_391; 345; 223.25; 122.07; 166.52
item_392; 187; 108.1; 121.95; 294.31
item_393; 357; 435.99; 198.71; 476.65
item_394; 683; 69.53; 108.3; 264.17
item_395; 328; 72.91; 156.41; 304.84
item_396; 290; 456.0; 103.71; 341.53
item_397; 238; 438.87; 253.5; 253.94
item_398; 178; 322.55; 106.83; 423.65
item_399; 163; 111.17; 170.1; 252.38
item_400; 212; 339.95; 233.07; 319.03
item_401; 368; 472.79; 111.82; 358.63
item_402; 334; 180.93; 14.95; 129.12
item_403; 91; 293.09; 16.8; 395.74
item_404; 63; 404.83; 87.39; 478.25
item_405; 256; 261.52; 36.76; 182.56
item_406; 335; 357.85; 73.86; 161.78
item_407; 5; 21.18; 338.74; 435.25
item_408; 680; 401.06; 112.45; 244.82
item_409; 216; 178.37; 59.83; 108.34
item_410; 343; 485.86; 384.02; 456.65
item_411; 520; 11.3; 62.94; 449.76
item_412; 727; 262.85; 164.46; 355.06
item_413; 281; 87.42; 5.26; 179.0
item_414; 100; 357.94; 24.23; 115.8
item_415; 304; 463.64; 86.45; 382.63
item_416; 426; 478.74; 327.09; 438.77
item_417; 134; 397.9; 337.77; 364.35
item_418; 298; 323.48; 294.71; 472.9
item_419; 176; 212.52; 296.06; 386.31
item_420; 123; 153.51; 376.17; 406.24
item_421; 209; 118.46; 315.02; 433.69
item_422; 715; 430.17; 195.65; 390.77
item_423; 659; 172.69; 41.78; 355.18
item_424; 24; 205.82; 68.92; 225.08
item_425; 266; 184.56; 14.3; 332.75
item_426; 74; 199.92; 233.26; 424.29
item_427; 420; 213.32; 48.07; 418.73
item_428; 654; 455.02; 244.74; 307.77
item_429; 79; 366.57; 277.72; 325.2
item_430; 428; 420.8; 72.87; 372.34
item_431; 558; 474.65; 249.66; 312.5
item_432; 626; 386.69; 89.43; 350.06
item_433; 572; 342.11; 311.48; 344.31
item_434; 78; 69.76; 84.51; 328.48
item_435; 163; 200.16; 123.62; 456.74
item_436; 468; 374.52; 46.97; 445.95
item_437; 348; 276.5; 202.3; 318.63
item_438; 142; 458.33; 308.83; 354.2
item_439; 137; 428.83; 9.24; 321.6
item_440; 611; 203.86; 112.88; 410.01
item_441; 598; 155.0; 67.11; 450.82
item_442; 639; 42.16; 303.04; 459.96
item_443; 1; 320.81; 51.11; 242.87
item_444; 324; 266.64; 78.5; 298.36
item_445; 499; 326.72; 291.89; 417.23
item_446; 166; 55.72; 178.41; 461.24
item_447; 169; 96.99; 142.19; 166.79
item_448; 117; 343.96; 87.69; 185.74
item_449; 344; 492.52; 95.07; 170.55
item_450; 237; 173.09; 40.91; 314.25
item_451; 435; 308.19; 374.34; 475.53
item_452; 598; 417.12; 83.35; 445.75
item_453; 411; 312.09; 154.65; 322.91
item_454; 537; 499.31; 252.58; 324.46
item_455; 328; 206.47; 117.35; 421.56
item_456; 130; 284.53; 125.09; 466.55
item_457; 176; 472.62; 145.55; 228.74
item_458; 324; 390.72; 111.53; 246.85
item_459; 712; 227.2; 133.96; 391.26
item_460; 126; 330.44; 203.97; 266.4
item_461; 266; 486.55; 222.24; 477.2
item_462; 680; 204.24; 344.3; 375.83
item_463; 375; 157.75; 427.05; 481.34
item_464; 97; 118.42; 40.35; 238.22
item_465; 42; 91.81; 426.84; 431.58
item_466; 336; 125.58; 124.81; 227.27
item_467; 420; 37.13; 52.16; 398.08
item_468; 270; 151.6; 38.79; 339.57
item_469; 450; 152.72; 74.39; 360.36
item_470; 278; 496.74; 280.43; 496.43
item_471; 338; 102.14; 11.63; 393.63
item_472; 584; 92.51; 277.17; 293.48
item_473; 28; 92.96; 108.65; 204.62
item_474; 730; 13.62; 215.75; 238.54
item_475; 663; 491.93; 146.96; 484.63
item_476; 19; 285.16; 299.02; 449.88
item_477; 220; 440.06; 281.45; 393.13
item_478; 345; 41.59; 152.76; 196.23
item_479; 113; 134.79; 4.48; 278.5
item_480; 562; 411.83; 394.47; 403.68
item_481; 345; 120.25; 218.65; 410.74
item_482; 268; 92.86; 218.2; 303.4
item_483; 15; 241.66; 209.32; 456.81
item_484; 655; 353.85; 23.83; 267.51
item_485; 457; 365.94; 427.26; 494.93
item_486; 441; 378.35; 19.45; 56.73
item_487; 512; 274.1; 135.73; 334.6
item_488; 94; 216.44; 77.14; 308.59
item_489; 175; 186.52; 0.27; 325.22
item_490; 369; 186.18; 45.19; 496.71
item_491; 22; 9.73; 257.57; 258.08
item_492; 695; 403.34; 86.34; 357.23
item_493; 238; 416.19; 120.7; 386.35
item_494; 351; 341.78; 118.91; 489.17
item_495; 174; 432.83; 122.63; 206.06
item_496; 635; 486.62; 184.3; 285.98
item_497; 217; 403.42; 9.44; 89.3
item_498; 169; 400.44; 103.11; 130.63
item_499; 721; 92.66; 352.09; 441.2
item_500; 365; 75.67; 63.76; 172.32
item_501; 162; 468.48; 207.98; 421.93
item_502; 509; 297.83; 61.33; 115.59
item_503; 611; 349.18; 94.77; 358.23
item_504; 293; 112.76; 59.21; 416.48
item_505; 308; 363.77; 396.64; 496.66
item_506; 111; 390.61; 353.37; 379.52
item_507; 546; 352.08; 42.76; 368.05
item_508; 509; 318.1; 356.87; 493.78
item_509; 305; 428.89; 223.79; 353.69
item_510; 220; 64.6; 261.06; 499.06
item_511; 506; 430.66; 77.13; 416.1
item_512; 686; 159.12; 189.65; 322.18
item_513; 136; 239.37; 206.28; 271.9
item_514; 227; 169.85; 115.17; 415.81
item_515; 22; 315.32; 10.62; 247.78
item_516; 262; 212.41; 154.44; 211.81
item_517; 111; 147.58; 52.86; 330.22
item_518; 99; 214.71; 105.8; 495.43
item_519; 265; 304.57; 62.41; 453.83
item_520; 737; 281.31; 257.11; 348.28
item_521; 189; 446.96; 324.26; 400.7
item_522; 577; 338.0; 48.29; 412.63
item_523; 56; 346.2; 279.71; 424.58
item_524; 170; 249.52; 17.92; 244.67
item_525; 211; 49.28; 289.41; 440.09
item_526; 481; 127.91; 290.43; 336.81
item_527; 563; 497.39; 333.86; 465.16
item_528; 17; 322.81; 296.63; 446.62
item_529; 378; 272.91; 370.12; 476.24
item_530; 588; 305.46; 248.37; 498.73
item_531; 438; 325.19; 104.97; 463.8
item_532; 460; 83.26; 371.92; 380.25
item_533; 428; 378.57; 189.25; 219.06
item_534; 317; 69.24; 150.82; 359.46
item_535; 346; 62.91; 61.13; 210.17
item_536; 110; 320.09; 181.09; 401.86
item_537; 136; 3.66; 183.53; 198.13
item_538; 336; 448.94; 266.18; 286.6
item_539; 46; 478.79; 191.39; 232.68
item_540; 449; 416.69; 78.43; 309.86
item_541; 35; 386.13; 222.28; 475.36
item_542; 449; 199.05; 9.76; 11.66
item_543; 56; 473.72; 161.01; 254.33
item_544; 524; 207.49; 234.2; 235.13
item_545; 270; 228.41; 167.45; 377.31
item_546; 349; 430.69; 298.97; 452.01
item_547; 386; 284.74; 101.07; 260.34
item_548; 205; 175.62; 20.26; 90.51
item_549; 580; 413.25; 229.56; 366.5
item_550; 91; 350.46; 357.92; 382.66
item_551; 217; 395.3; 65.02; 451.05
item_552; 154; 137.21; 156.5; 405.37
item_553; 488; 306.06; 436.92; 457.04
item_554; 362; 149.69; 133.49; 431.27
item_555; 632; 64.73; 23.11; 359.36
item_556; 651; 83.31; 18.8; 135.46
item_557; 324; 233.11; 2.35; 229.56
item_558; 709; 67.84; 245.15; 326.28
item_559; 447; 7.46; 109.16; 287.73
item_560; 707; 377.83; 39.26; 486.63
item_561; 419; 366.8; 103.52; 137.96
item_562; 89; 340.67; 132.68; 340.15
item_563; 294; 358.13; 206.18; 242.47
item_564; 457; 424.19; 162.43; 368.72
item_565; 730; 365.25; 39.26; 222.81
item_566; 323; 428.13; 91.68; 244.97
item_567; 690; 247.25; 69.3; 176.53
item_568; 322; 434.09; 97.35; 199.12
item_569; 432; 261.19; 147.58; 215.33
item_570; 618; 103.8; 21.53; 359.44
item_571; 257; 342.35; 69.41; 339.58
item_572; 456; 262.13; 30.71; 217.3
item_573; 210; 55.44; 31.73; 85.53
item_574; 183; 375.65; 181.06; 495.93
item_575; 372; 310.51; 250.73; 454.17
item_576; 712; 81.52; 10.11; 476.38
item_577; 192; 98.12; 337.6; 453.39
item_578; 557; 135.61; 34.6; 466.04
item_579; 480; 145.4; 63.71; 341.94
item_580; 705; 397.31; 34.24; 310.76
item_581; 161; 222.79; 160.45; 377.79
item_582; 293; 356.05; 184.38; 353.78
item_583; 191; 33.73; 6.13; 98.6
item_584; 710; 158.81; 149.55; 336.77
item_585; 487; 155.28; 107.55; 249.91
item_586; 76; 94.73; 102.13; 429.8
item_587; 508; 385.27; 55.93; 125.07
item_588; 464; 362.46; 125.51; 405.55
item_589; 433; 167.81; 225.13; 451.66
item_590; 345; 10.9; 10.7; 253.89
item_591; 596; 128.73; 88.67; 179.03
item_592; 338; 481.29; 134.85; 473.08
item_593; 268; 297.97; 189.78; 494.67
item_594; 74; 112.35; 102.48; 281.59
item_595; 707; 304.44; 248.24; 392.93
item_596; 71; 132.49; 283.16; 285.03
item_597; 173; 82.68; 196.61; 320.64
item_598; 730; 154.29; 412.77; 422.8
item_599; 84; 104.12; 275.96; 370.69
item_600; 691; 63.73; 249.91; 263.36
item_601; 432; 190.2; 21.33; 424.56
item_602; 148; 467.43; 38.69; 323.11
item_603; 485; 352.9; 51.23; 234.52
item_604; 544; 177.86; 284.18; 360.55
item_605; 263; 117.62; 234.27; 315.08
item_606; 72; 345.95; 164.61; 256.54
item_607; 76; 342.08; 273.04; 290.99
item_608; 315; 278.09; 244.63; 477.02
item_609; 203; 20.14; 0.42; 128.32
item_610; 689; 198.64; 210.31; 450.6
item_611; 259; 9.1; 329.2; 379.54
item_612; 141; 162.49; 395.69; 418.18
item_613; 620; 67.78; 132.34; 309.84
item_614; 330; 239.0; 198.61; 444.31
item_615; 574; 494.82; 36.53; 174.81
item_616; 114; 353.91; 76.8; 307.53
item_617; 48; 135.09; 423.66; 434.55
item_618; 214; 102.65; 36.3; 405.32
item_619; 146; 351.83; 74.72; 106.98
item_620; 370; 203.23; 368.47; 479.59
item_621; 389; 101.99; 353.3; 422.12
item_622; 487; 348.21; 290.51; 430.39
item_623; 24; 189.11; 426.67; 498.55
item_624; 715; 66.06; 143.25; 455.49
item_625; 532; 329.23; 156.3; 309.55
item_626; 526; 312.48; 69.01; 259.88
item_627; 450; 287.04; 141.72; 248.55
item_628; 281; 238.25; 51.68; 412.71
item_629; 376; 422.1; 102.49; 267.08
item_630; 381; 446.11; 157.91; 207.02
item_631; 75; 309.7; 369.59; 427.95
item_632; 584; 143.15; 222.48; 457.27
item_633; 43; 479.52; 386.76; 466.28
item_634; 90; 210.16; 53.14; 337.39
item_635; 590; 76.02; 254.53; 393.91
item_636; 467; 341.62; 59.94; 323.32
item_637; 689; 348.62; 20.13; 453.56
item_638; 523; 496.6; 168.76; 211.29
item_639; 468; 78.86; 4.63; 366.88
item_640; 373; 379.29; 65.69; 460.38
item_641; 363; 127.12; 160.09; 175.79
item_642; 352; 428.63; 56.02; 485.35
item_643; 401; 274.62; 164.88; 398.26
item_644; 391; 64.65; 72.34; 259.91
item_645; 308; 483.01; 171.42; 264.3
item_646; 228; 277.48; 210.6; 408.77
item_647; 392; 310.17; 176.62; 484.31
item_648; 510; 365.86; 5.93; 266.36
item_649; 550; 391.92; 319.29; 472.83
item_650; 724; 280.59; 21.22; 298.53
item_651; 481; 281.15; 59.36; 124.59
item_652; 595; 165.52; 180.57; 292.92
item_653; 647; 290.92; 78.58; 406.92
item_654; 549; 249.06; 20.43; 244.02
item_655; 113; 244.27; 44.32; 78.58
item_656; 23; 336.04; 137.5; 211.45
item_657; 199; 92.28; 196.84; 472.96
item_658; 528; 123.17; 216.18; 466.44
item_659; 270; 154.15; 20.62; 210.45
item_660; 90; 129.69; 57.99; 433.56
item_661; 333; 471.57; 163.98; 473.81
item_662; 498; 148.29; 171.4; 402.22
item_663; 227; 131.84; 164.32; 240.32
item_664; 102; 309.53; 251.73; 331.73
item_665; 246; 366.88; 136.5; 198.36
item_666; 118; 24.36; 2.07; 28.17
item_667; 192; 285.41; 164.69; 451.06
item_668; 743; 299.06; 209.2; 443.55
item_669; 661; 115.71; 26.08; 143.48
item_670; 179; 480.77; 89.18; 313.73
item_671; 80; 475.5; 380.72; 417.08
item_672; 628; 203.48; 244.35; 360.44
item_673; 652; 286.08; 30.85; 211.68
item_674; 394; 390.88; 3.5; 311.23
item_675; 621; 250.39; 252.32; 402.98
item_676; 135; 40.61; 218.87; 483.21
item_677; 112; 400.1; 11.81; 164.65
item_678; 222; 204.52; 353.55; 474.32
item_679; 568; 1.48; 176.38; 478.42
item_680; 701; 298.63; 244.82; 399.92
item_681; 497; 206.79; 10.78; 437.07
item_682; 129; 8.21; 90.01; 165.61
item_683; 359; 422.15; 360.92; 406.75
item_684; 330; 56.98; 271.18; 483.79
item_685; 134; 98.87; 221.29; 312.87
item_686; 740; 289.43; 261.47; 279.08
item_687; 56; 18.61; 40.13; 370.84
item_688; 341; 313.78; 377.09; 474.16
item_689; 254; 290.96; 187.5; 486.67
item_690; 350; 475.46; 127.29; 276.57
item_691; 309; 59.99; 200.59; 434.2
item_692; 494; 206.08; 247.18; 369.45
item_693; 3; 430.18; 186.05; 453.85
item_694; 605; 490.89; 108.91; 132.48
item_695; 315; 319.95; 358.72; 385.45
item_696; 530; 255.55; 249.33; 384.99
item_697; 166; 199.71; 40.2; 193.1
item_698; 588; 171.81; 52.02; 269.14
item_699; 669; 75.92; 132.01; 457.8
item_700; 183; 499.79; 198.48; 448.98
item_701; 78; 473.36; 9.43; 182.1
item_702; 26; 265.4; 286.21; 376.53
item_703; 160; 155.32; 34.46; 409.09
item_704; 408; 47.89; 226.16; 244.8
item_705; 537; 311.14; 117.91; 331.6
item_706; 21; 394.82; 81.98; 288.68
item_707; 170; 312.89; 155.47; 367.04
item_708; 178; 437.9; 196.62; 259.22
item_709; 535; 486.52; 91.24; 440.68
item_710; 567; 288.78; 76.7; 473.94
item_711; 21; 255.46; 269.29; 271.29
item_712; 353; 257.95; 153.94; 479.28
item_713; 548; 180.85; 27.23; 92.5
item_714; 352; 349.24; 251.94; 320.68
item_715; 590; 258.56; 44.72; 465.51
item_716; 129; 111.36; 242.46; 459.64
item_717; 726; 192.41; 144.12; 316.34
item_718; 9; 50.26; 18.64; 119.74
item_719; 54; 15.65; 52.39; 156.1
item_720; 575; 485.66; 266.44; 351.77
item_721; 382; 44.19; 200.71; 411.12
item_722; 563; 297.22; 336.02; 363.79
item_723; 430; 39.52; 284.32; 454.09
item_724; 57; 32.82; 13.99; 330.99
item_725; 413; 278.43; 281.15; 455.18
item_726; 532; 105.53; 68.36; 274.49
item_727; 250; 130.55; 14.84; 147.2
item_728; 498; 39.76; 67.74; 107.31
item_729; 480; 398.3; 85.41; 374.29
item_730; 237; 448.4; 83.45; 135.3
item_731; 218; 335.9; 157.7; 249.05
item_732; 654; 157.22; 252.71; 480.54
item_733; 670; 308.08; 206.07; 322.88
item_734; 390; 282.69; 258.93; 328.79
item_735; 668; 40.49; 90.98; 282.74
item_736; 694; 114.11; 77.64; 291.91
item_737; 366; 160.55; 355.3; 478.8
item_738; 520; 79.75; 241.43; 298.28
item_739; 91; 459.32; 12.99; 458.47
item_740; 240; 484.69; 266.87; 474.98
item_741; 20; 401.57; 183.38; 324.29
item_742; 448; 238.69; 208.98; 252.86
item_743; 625; 489.56; 93.93; 234.28
item_744; 431; 359.75; 123.41; 348.43
item_745; 357; 127.03; 158.48; 317.06
item_746; 121; 266.91; 267.2; 270.19
item_747; 608; 409.54; 314.11; 444.2
item_748; 390; 149.26; 17.86; 92.25
item_749; 22; 50.78; 298.74; 373.35
item_750; 647; 32.16; 292.18; 459.97
item_751; 114; 487.11; 32.02; 167.71
item_752; 704; 277.56; 160.72; 289.03
item_753; 247; 481.03; 67.66; 490.87
item_754; 651; 276.64; 217.74; 268.87
item_755; 641; 258.08; 183.34; 373.06
item_756; 736; 259.62; 146.33; 305.69
item_757; 30; 433.09; 13.4; 220.11
item_758; 549; 382.51; 2.88; 432.22
item_759; 735; 402.29; 276.66; 279.35
item_760; 314; 48.46; 32.12; 102.45
item_761; 286; 135.94; 33.77; 345.16
item_762; 491; 418.18; 446.37; 473.94
item_763; 433; 155.45; 372.75; 437.17
item_764; 152; 173.23; 139.86; 343.83
item_765; 127; 113.55; 47.78; 413.17
item_766; 472; 454.11; 188.15; 398.96
item_767; 77; 487.56; 38.98; 477.91
item_768; 56; 451.86; 91.34; 266.45
item_769; 242; 448.99; 111.34; 234.6
item_770; 125; 412.53; 119.99; 326.82
item_771; 126; 38.72; 237.0; 370.81
item_772; 668; 53.0; 79.86; 290.06
item_773; 1; 104.34; 290.03; 308.12
item_774; 705; 136.69; 121.44; 134.49
item_775; 676; 24.16; 68.28; 196.85
item_776; 558; 254.41; 174.26; 239.04
item_777; 250; 169.58; 309.29; 324.03
item_778; 717; 429.01; 60.46; 494.14
item_779; 279; 356.9; 93.67; 244.33
item_780; 183; 148.23; 312.34; 422.64
item_781; 364; 381.22; 35.46; 189.87
item_782; 397; 342.83; 168.46; 415.68
item_783; 553; 94.5; 73.59; 443.03
item_784; 82; 333.72; 67.77; 239.05
item_785; 121; 142.94; 214.65; 426.53
item_786; 55; 29.67; 37.55; 478.81
item_787; 716; 258.52; 172.25; 449.2
item_788; 741; 340.49; 169.23; 224.47
item_789; 353; 498.72; 169.14; 367.46
item_790; 729; 357.6; 447.34; 451.75
item_791; 438; 421.71; 52.06; 308.87
item_792; 123; 123.5; 100.81; 479.97
item_793; 627; 343.21; 397.78; 432.93
item_794; 536; 133.41; 106.31; 279.35
item_795; 286; 373.84; 135.28; 254.62
item_796; 359; 71.72; 179.91; 365.8
item_797; 433; 436.32; 149.05; 299.55
item_798; 553; 290.01; 180.7; 337.16
item_799; 738; 475.38; 180.24; 464.55
item_800; 78; 58.2; 34.38; 199.24
item_801; 260; 476.83; 145.36; 446.8
item_802; 457; 314.65; 80.43; 478.74
item_803; 480; 391.25; 355.01; 460.41
item_804; 124; 443.54; 218.46; 277.8
item_805; 473; 349.33; 235.78; 239.71
item_806; 398; 265.5; 247.81; 283.16
item_807; 381; 222.34; 416.33; 433.29
item_808; 456; 379.04; 110.84; 127.27
item_809; 437; 385.94; 271.53; 426.88
item_810; 611; 22.26; 57.34; 277.97
item_811; 526; 231.11; 27.72; 230.43
item_812; 181; 212.03; 160.47; 271.6
item_813; 385; 474.61; 298.05; 305.91
item_814; 161; 279.24; 111.73; 372.78
item_815; 268; 177.15; 84.49; 204.13
item_816; 575; 44.07; 122.16; 223.99
item_817; 702; 229.94; 270.63; 463.55
item_818; 501; 244.95; 225.89; 289.4
item_819; 120; 117.16; 364.04; 438.46
item_820; 313; 362.57; 236.55; 355.6
item_821; 562; 153.49; 282.99; 485.05
item_822; 599; 176.42; 11.39; 244.35
item_823; 413; 355.61; 43.73; 444.11
item_824; 359; 186.87; 85.58; 432.96
item_825; 736; 284.13; 62.04; 348.38
item_826; 163; 4.64; 172.84; 182.15
item_827; 653; 320.27; 397.91; 490.6
item_828; 193; 36.79; 33.09; 366.87
item_829; 132; 499.31; 49.38; 308.15
item_830; 427; 158.84; 149.01; 417.64
item_831; 152; 217.82; 278.15; 487.24
item_832; 532; 448.45; 184.02; 327.13
item_833; 121; 233.09; 29.22; 460.36
item_834; 625; 178.56; 88.46; 350.49
item_835; 562; 238.14; 147.89; 363.15
item_836; 102; 8.58; 305.01; 372.34
item_837; 664; 48.91; 114.81; 204.33
item_838; 0; 284.68; 44.79; 454.23
item_839; 462; 264.88; 144.66; 486.59
item_840; 92; 309.51; 192.33; 281.35
item_841; 251; 489.9; 74.55; 83.63
item_842; 696; 357.8; 281.39; 292.99
item_843; 544; 444.85; 440.99; 489.97
item_844; 491; 239.9; 174.54; 207.75
item_845; 523; 18.08; 52.34; 335.46
item_846; 115; 10.41; 388.34; 398.57
item_847; 731; 311.24; 65.83; 457.87
item_848; 437; 177.48; 297.03; 355.08
item_849; 519; 480.47; 257.03; 363.51
item_850; 568; 106.82; 257.92; 309.18
item_851; 296; 482.91; 179.37; 225.46
item_852; 663; 179.94; 114.51; 315.49
item_853; 686; 290.88; 273.76; 280.95
item_854; 89; 85.01; 43.89; 167.35
item_855; 26; 4.84; 257.27; 430.67
item_856; 564; 19.75; 179.16; 448.4
item_857; 123; 115.9; 393.43; 492.02
item_858; 23; 408.13; 204.67; 338.86
item_859; 138; 106.09; 264.13; 280.53
item_860; 130; 30.03; 142.76; 169.87
item_861; 350; 281.62; 124.13; 341.1
item_862; 574; 27.9; 105.28; 445.46
item_863; 647; 490.4; 175.5; 292.47
item_864; 113; 285.69; 252.52; 493.75
item_865; 511; 311.85; 208.4; 486.22
item_866; 496; 13.47; 10.63; 224.91
item_867; 258; 450.56; 72.09; 186.32
item_868; 282; 18.65; 186.28; 243.89
item_869; 262; 194.65; 224.72; 270.89
item_870; 326; 309.98; 108.33; 246.56
item_871; 97; 222.85; 82.51; 487.44
item_872; 216; 36.4; 309.7; 382.47
item_873; 514; 18.79; 108.42; 335.36
item_874; 462; 254.36; 39.72; 91.19
item_875; 28; 349.16; 194.69; 366.55
item_876; 388; 106.01; 322.03; 498.1
item_877; 137; 450.22; 36.7; 58.89
item_878; 489; 280.64; 69.32; 137.39
item_879; 75; 438.56; 38.46; 442.25
item_880; 468; 120.26; 233.53; 453.02
item_881; 286; 0.7; 76.82; 253.11
item_882; 378; 248.63; 60.9; 403.45
item_883; 80; 212.78; 97.59; 391.92
item_884; 223; 144.0; 8.73; 23.52
item_885; 341; 45.25; 373.84; 408.87
item_886; 325; 227.72; 151.58; 368.35
item_887; 427; 31.61; 24.67; 372.56
item_888; 129; 347.2; 10.02; 181.2
item_889; 323; 153.92; 154.97; 363.21
item_890; 136; 202.55; 256.02; 488.47
item_891; 209; 159.25; 126.34; 225.32
item_892; 174; 336.3; 47.05; 253.24
item_893; 223; 358.22; 125.65; 221.71
item_894; 596; 151.16; 398.73; 479.76
item_895; 202; 439.67; 280.04; 446.61
item_896; 460; 222.61; 401.58; 430.91
item_897; 501; 1.25; 100.26; 388.94
item_898; 566; 56.72; 162.06; 474.97
item_899; 68; 395.19; 135.95; 425.26
item_900; 184; 97.41; 168.7; 211.5
item_901; 696; 315.58; 338.61; 466.59
item_902; 167; 434.18; 50.65; 301.83
item_903; 62; 72.11; 116.48; 451.63
item_904; 206; 414.14; 88.72; 303.57
item_905; 571; 118.07; 120.88; 167.56
item_906; 744; 88.62; 391.05; 435.95
item_907; 45; 32.74; 242.52; 486.02
item_908; 493; 25.38; 92.27; 346.34
item_909; 281; 252.55; 279.71; 283.14
item_910; 316; 173.32; 421.89; 434.05
item_911; 568; 125.66; 29.64; 405.53
item_912; 39; 265.61; 405.8; 488.37
item_913; 689; 65.56; 364.05; 454.12
item_914; 195; 391.85; 43.34; 233.29
item_915; 630; 376.07; 30.07; 262.81
item_916; 259; 389.92; 16.94; 150.25
item_917; 323; 138.26; 186.48; 362.55
item_918; 362; 78.54; 179.88; 292.95
item_919; 3; 108.2; 237.69; 280.73
item_920; 395; 165.0; 53.72; 161.02
item_921; 324; 54.74; 456.21; 466.87
item_922; 37; 455.45; 209.06; 378.88
item_923; 255; 451.65; 205.16; 289.28
item_924; 397; 317.35; 123.87; 355.11
item_925; 352; 354.98; 189.06; 297.94
item_926; 382; 362.64; 158.64; 303.59
item_927; 454; 144.32; 379.36; 441.96
item_928; 225; 62.47; 33.68; 306.93
item_929; 58; 490.16; 9.41; 393.64
item_930; 264; 42.9; 94.06; 215.82
item_931; 488; 257.2; 330.51; 470.26
item_932; 145; 114.14; 79.7; 258.28
item_933; 480; 141.41; 308.04; 321.2
item_934; 34; 385.42; 53.5; 440.35
item_935; 490; 79.96; 217.27; 247.68
item_936; 389; 8.89; 156.02; 375.74
item_937; 364; 228.7; 120.6; 375.24
item_938; 546; 190.84; 269.35; 395.14
item_939; 205; 429.99; 149.32; 489.56
item_940; 248; 414.84; 95.82; 122.46
item_941; 166; 60.38; 402.93; 438.52
item_942; 329; 378.03; 67.8; 289.06
item_943; 639; 291.27; 61.33; 196.01
item_944; 553; 168.62; 3.29; 44.86
item_945; 83; 335.45; 0.06; 382.73
item_946; 99; 60.62; 48.35; 375.63
item_947; 406; 452.26; 24.18; 424.72
item_948; 272; 209.96; 337.26; 407.1
item_949; 352; 165.53; 206.43; 463.21
item_950; 741; 325.24; 187.16; 454.62
item_951; 90; 83.78; 358.51; 381.9
item_952; 273; 7.73; 238.41; 363.61
item_953; 658; 22.23; 272.53; 381.92
item_954; 346; 180.64; 16.06; 329.51
item_955; 311; 238.43; 117.18; 261.55
item_956; 408; 245.05; 340.51; 430.69
item_957; 372; 183.69; 274.31; 479.82
item_958; 231; 375.65; 23.61; 241.1
item_959; 562; 254.46; 91.25; 338.56
item_960; 596; 449.8; 195.94; 398.95
item_961; 689; 138.27; 159.45; 358.91
item_962; 730; 383.83; 38.69; 238.52
item_963; 154; 351.56; 92.43; 171.45
item_964; 669; 459.82; 109.76; 370.9
item_965; 347; 100.9; 131.43; 352.7
item_966; 562; 105.1; 29.53; 189.69
item_967; 46; 494.64; 9.14; 214.22
item_968; 13; 232.57; 321.76; 429.98
item_969; 7; 241.98; 187.89; 483.32
item_970; 477; 286.72; 107.02; 401.02
item_971; 391; 205.2; 228.85; 433.93
item_972; 291; 358.66; 146.56; 428.85
item_973; 35; 413.67; 224.01; 255.64
item_974; 587; 342.11; 88.03; 327.69
item_975; 678; 251.93; 17.8; 395.26
item_976; 425; 343.12; 27.12; 50.76
item_977; 23; 469.24; 281.0; 484.68
item_978; 541; 23.48; 64.11; 142.47
item_979; 131; 101.7; 420.7; 447.03
item_980; 641; 196.57; 302.81; 456.02
item_981; 586; 184.0; 272.03; 353.9
item_982; 254; 274.45; 90.94; 290.94
item_983; 189; 24.09; 214.09; 434.49
item_984; 533; 69.6; 112.69; 118.05
item_985; 168; 211.98; 125.97; 493.7
item_986; 325; 65.18; 285.38; 421.77
item_987; 486; 387.27; 281.21; 365.83
item_988; 530; 148.18; 123.63; 247.86
item_989; 521; 131.45; 139.22; 246.35
item_990; 443; 101.36; 20.59; 458.9
item_991; 238; 371.87; 79.59; 327.11
item_992; 216; 21.21; 219.26; 431.16
item_993; 153; 319.42; 78.13; 283.25
item_994; 304; 88.2; 27.14; 232.47
item_995; 421; 339.9; 30.45; 113.65
item_996; 13; 44.45; 8.85; 75.57
item_997; 221; 445.72; 45.58; 47.73
item_998; 151; 367.89; 86.96; 281.45
item_999; 96; 298.54; 321.08; 437.85
581, 615, 555, 562, 728, 255
386, 314
203, 375
659, 718
369, 449
322, 299
667, 396, 37
384, 90, 557, 341, 558
442, 455
121, 402, 190
83, 535
312, 570, 125, 114
217, 331
104, 651, 87
0, 738
683, 388, 77, 262
675, 294, 616, 15, 535, 124
245, 310
264, 315
353, 669
352, 89, 690, 558
725, 405
264, 218
316, 447
302, 1, 254, 175
209, 317
0, 686, 166
634, 211, 564, 325
370, 164, 702
232, 78, 183
600, 276
701, 597, 630, 263
395, 742
537, 421, 534
135, 609, 663
371, 499, 614
669, 445, 462, 230
606, 42, 446
330, 271, 670, 655
253, 415
666, 631
160, 571
80, 44, 509
73, 402, 689, 303, 666
560, 636, 397
548, 277, 54, 295
315, 350
184, 214, 182
148, 325
546, 547, 422, 455, 202, 79, 274, 691, 213, 246, 95
57, 534
27, 700, 294
217, 571
84, 229, 263
389, 143
320, 530
248, 154, 250
400, 136
464, 619, 632, 317
326, 362, 486, 265
105, 522, 483, 293, 335
198, 557, 702
675, 12, 462, 399, 179, 341, 156
168, 189
9, 719
697, 91, 675
665, 398
178, 13, 397, 421
1, 740, 42, 11, 557, 79, 313, 61, 222
352, 232, 741, 337
169, 676
468, 493, 198
11, 284, 654
441, 429
672, 649
105, 467
202, 221, 334
696, 145, 603
481, 169, 659, 568, 251, 639
450, 77, 702
289, 629, 463
225, 721, 334, 324
592, 344, 13
390, 620, 178, 338, 725, 379, 316
555, 139, 86, 295
4, 560, 278, 571, 350, 511
122, 6
8, 6
641, 354, 148, 679
300, 69
168, 532
736, 148, 62
72, 377, 277, 317, 365
3, 509, 198
714, 194
473, 203, 653
537, 444
712, 442
448, 48
8, 689, 54, 585

​
