12241
15739
26
5
a;0;1301;233;2342
b;1;3209;3267;5434
c;2;2161;324;1232
d;3;1223;5445;23111
e;4;4352;3233;4310
f;5;3413;6757;9443
g;6;223;3332;4412
h;7;456;32;4323
i;8;954;6645;4312
j;9;3432;324;756
k;10;3411;9943;9945
l;11;233;364;745
m;12;112;6455;1237
n;13;453;9345;10000
o;14;9393;3533;5675
p;15;2132;4311;3278
q;16;6534;5551;9887
r;17;554;7778;1111
s;18;686;9986;5510
t;19;980;1414;7812
u;20;403;198;632
v;21;5532;454;712
w;22;4354;8856;7287
x;23;3423;4200;8721
y;24;3544;6120;1203
z;25;5345;4965;3714
5,8,17
1,4,7
2,9,19
24,25
3,7,10,14,21
