50
50
50
0
rock_1; 0; 1; 1; 2
rock_2; 1; 1; 1; 2
rock_3; 2; 1; 1; 2
rock_4; 3; 1; 1; 2
rock_5; 4; 1; 1; 2
rock_6; 5; 1; 1; 2
rock_7; 6; 1; 1; 2
rock_8; 7; 1; 1; 2
rock_9; 8; 1; 1; 2
rock_10; 9; 1; 1; 2
rock_11; 10; 1; 1; 2
rock_12; 11; 1; 1; 2
rock_13; 12; 1; 1; 2
rock_14; 13; 1; 1; 2
rock_15; 14; 1; 1; 2
rock_16; 15; 1; 1; 2
rock_17; 16; 1; 1; 2
rock_18; 17; 1; 1; 2
rock_19; 18; 1; 1; 2
rock_20; 19; 1; 1; 2
rock_21; 20; 1; 1; 2
rock_22; 21; 1; 1; 2
rock_23; 22; 1; 1; 2
rock_24; 23; 1; 1; 2
rock_25; 24; 1; 1; 2
rock_26; 25; 1; 1; 2
rock_27; 26; 1; 1; 2
rock_28; 27; 1; 1; 2
rock_29; 28; 1; 1; 2
rock_30; 29; 1; 1; 2
rock_31; 30; 1; 1; 2
rock_32; 31; 1; 1; 2
rock_33; 32; 1; 1; 2
rock_34; 33; 1; 1; 2
rock_35; 34; 1; 1; 2
rock_36; 35; 1; 1; 2
rock_37; 36; 1; 1; 2
rock_38; 37; 1; 1; 2
rock_39; 38; 1; 1; 2
rock_40; 39; 1; 1; 2
rock_41; 40; 1; 1; 2
rock_42; 41; 1; 1; 2
rock_43; 42; 1; 1; 2
rock_44; 43; 1; 1; 2
rock_45; 44; 1; 1; 2
rock_46; 45; 1; 1; 2
rock_47; 46; 1; 1; 2
rock_48; 47; 1; 1; 2
rock_49; 48; 1; 1; 2
rock_50; 49; 1; 1; 2