390024199.80	
1369058150
50
20
a_1; 1; 36879966; 120644537; 136163291.54
a_2; 2; 27143453; 69081318; 131178205.83
a_3; 3; 3603554; 37102481; 73588650.36
a_4; 4; 5979774; 116046297; 128315928.38
a_5; 5; 33250513; 48337613.35; 84774115.88
a_6; 6; 22508041; 121529397.29; 124740862.33
a_7; 7; 16099100; 84985198.93; 87213427.69
a_8; 8; 3538999; 72935953.62; 100312559.05
a_9; 9; 4227645; 45206484.12; 73546600.31
a_10; 10; 31718131; 44516830.19; 106191371.76
a_11; 11; 35717876; 12857827.13; 136795947.21
a_12; 11; 38291502; 50934247.32; 98623581.87
a_13; 12; 7539799; 61294225.1; 82898909.16
a_14; 13; 26591880; 3549562.34; 73961796.54
a_15; 14; 25570783; 60708459.28; 118977882.06
a_16; 15; 5108941; 77169659.15; 79754840.1
a_17; 16; 10820045; 77349501.08; 106016166.29
a_18; 17; 13727146; 62809435.28; 110313454.96
a_19; 18; 19659735; 57621990.94; 121447127
a_20; 19; 37559412; 36182607.61; 38072832.22
a_21; 20; 29218454; 79165235.16; 97490286
a_22; 21; 14911127; 109779936.5; 127867872.14
a_23; 22; 27197892; 126699662.7; 127934379.61
a_24; 23; 289492; 17622920.03; 74936591.53
a_25; 24; 24684763; 58294184.42; 101492342.46
a_26; 25; 7856643; 114544097.35; 124573721.3
a_27; 26; 18247309; 71839555.44; 74219444.01
a_28; 27; 26694535; 40774420.67; 119564376.26
a_29; 28; 5956860; 46436781.47; 75999958.44
a_30; 29; 4492983; 116180010.6; 128312268.06
a_31; 30; 38928842; 129074292; 136606291.26
a_32; 31; 4488840; 116705582.03; 131484910.65
a_33; 32; 19999119; 40748639.02; 54881098.16
a_34; 33; 30431779; 127151471.14; 129897289.03
a_35; 34; 18233343; 49451667.32; 108901596.69
a_36; 35; 34086113; 28409303.6; 56684396.99
a_37; 36; 16022774; 86905273.64; 126987840.8
a_38; 37; 8239068; 136849650.93; 136880196.03
a_39; 38; 9468366; 75190830.26; 94935329.75
a_40; 39; 15750505; 82543902.83; 86408274.49
a_41; 40; 24684667; 63455659.99; 76892395.03
a_42; 41; 20844131; 2917389.78; 64521194.24
a_43; 42; 26632780; 111271987.58; 136136915.65
a_44; 43; 38838098; 131971421.14; 133098878.15
a_45; 44; 9467142; 47212036.64; 74741997.77
a_46; 45; 5063880; 100592662.62; 130711156.56
a_47; 46; 14666880; 74163631.86; 93313042.13
a_48; 47; 21145494; 131670392.95; 135926430.93
a_49; 48; 1924955; 18614141.16; 38701511.61
a_50; 49; 25797055; 74515464.63; 120527400.16
1, 2
10, 11
13, 16
2, 38, 20, 31, 41
24, 40, 41, 28, 2
39, 14, 15, 11, 27
29, 34, 24, 2, 9
14, 11, 4, 45, 46
33,	37,	26,	8, 14
19,	14,	28,	23,	32
47,	17,	1, 24, 18
20,	15,	24, 27, 37
16,	22,	18,	42, 36
17,	10
8, 29, 46, 23, 3
30,	35, 10, 1, 29
21,	27, 45, 20, 19
49,	2, 27
33,	35, 27, 30
10,	23, 17, 30, 41


