217.5
413.57
16
10
angularness; 3; 16.58; 62.15; 227.06
herebefore; 8; 203.67; 134.02; 375.69
vorondreo; 0; 145.33; 402.64; 413.57
createdness; 7; 201.87; 93.24; 344.95
nonchronological; 4; 62.36; 270.77; 292.17
understroke; 1; 157.6; 308.71; 388.54
prongbuck; 2; 31.49; 108.54; 321.33
smaltite; 13; 30.26; 104.53; 322.21
glazen; 1; 27.7; 396.07; 400.32
perfunctorily; 6; 123.29; 17.8; 296.24
overdrip; 4; 168.61; 186.85; 300.05
Japannish; 5; 39.46; 181.31; 324.23
insensitive; 8; 79.9; 259.8; 283.48
carcinemia; 12; 160.89; 58.19; 116.65
chichicaste; 7; 193.11; 356.44; 363.2
pilgrimatic; 15; 121.14; 411.87; 413.32
5, 14
9, 15
11, 4
5, 9
4, 7
4, 10
1, 3
6, 9
9, 15
5, 3
