1000000
1000000
1000
30
aaa; 41; 428508.47; 37371.59; 54786.67
aab; 166; 31491.25; 502893.76; 199257.01
aac; 209; 477981.36; 189000.02; 334215.58
aad; 398; 612103.3; 196271.73; 300204.33
aae; 963; 960085.34; 547617.21; 194969.51
aaf; 898; 853160.03; 34573.04; 321553.85
aag; 378; 360526.18; 133088.38; 42804.14
aah; 314; 483227.24; 942306.69; 246477.06
aai; 955; 209225.89; 543853.72; 311821.86
aaj; 890; 255611.91; 663748.2; 121940.55
aak; 600; 800269.75; 431535.48; 114467.57
aal; 977; 859210.58; 182389.23; 71307.58
aam; 470; 61864.64; 712714.0; 88572.35
aan; 844; 887444.17; 664207.34; 181963.03
aao; 370; 144664.21; 66060.14; 229948.02
aap; 384; 272120.77; 494226.54; 124397.34
aaq; 602; 903728.77; 745742.27; 87781.23
aar; 229; 865391.5; 534623.7; 134728.48
aas; 489; 979198.65; 467679.57; 109395.6
aat; 946; 979752.67; 690383.93; 76922.38
aau; 918; 687752.65; 159255.89; 295363.81
aav; 795; 859350.57; 717273.4; 247245.13
aaw; 733; 516164.56; 763237.5; 100659.82
aax; 697; 400601.67; 357214.55; 266753.78
aay; 135; 516293.58; 118559.24; 197728.31
aba; 368; 50702.66; 769883.7; 73460.54
abb; 220; 107093.62; 890891.41; 172604.63
abc; 396; 836512.04; 544834.57; 138635.21
abd; 53; 330724.17; 2862.74; 34060.52
abe; 661; 120768.72; 191458.94; 18401.26
abf; 20; 123501.33; 798535.58; 283861.67
abg; 482; 58181.5; 767927.26; 12344.42
abh; 852; 503495.93; 777859.49; 331476.85
abi; 182; 984472.94; 804174.46; 140269.96
abj; 819; 762970.27; 961322.47; 2205.5
abk; 118; 599961.03; 178860.18; 235835.03
abl; 11; 985378.13; 211153.73; 275465.13
abm; 697; 523935.51; 760708.7; 222907.89
abn; 507; 899008.21; 194260.48; 104250.25
abo; 277; 512031.13; 142721.56; 298579.94
abp; 933; 606126.41; 665034.52; 181799.46
abq; 91; 237197.0; 918432.32; 15394.87
abr; 526; 593085.27; 540825.99; 210514.12
abs; 453; 38527.77; 72630.45; 275772.14
abt; 307; 716695.8; 374417.46; 26982.43
abu; 964; 885501.35; 948653.76; 199650.58
abv; 983; 31501.64; 546204.0; 83758.78
abw; 990; 279962.54; 731638.37; 247066.14
abx; 775; 541314.98; 742927.8; 213564.21
aby; 465; 387054.81; 301922.42; 110991.66
aca; 11; 779020.36; 508197.09; 287022.34
acb; 835; 39471.36; 95868.87; 201377.61
acc; 664; 27994.82; 133369.51; 170819.22
acd; 134; 645245.85; 762346.19; 94801.85
ace; 729; 167683.9; 426379.83; 100317.95
acf; 338; 372861.61; 400443.55; 105180.3
acg; 209; 214760.95; 904929.68; 303701.87
ach; 797; 472760.18; 718931.03; 259894.93
aci; 268; 927723.4; 527588.09; 273743.59
acj; 114; 511933.28; 296323.05; 230952.02
ack; 767; 462395.6; 86288.23; 67713.14
acl; 493; 1014374.26; 102234.56; 299457.68
acm; 584; 294065.75; 296766.01; 264009.52
acn; 932; 33571.08; 723873.69; 138521.33
aco; 802; 776196.69; 976675.76; 298666.23
acp; 52; 710787.85; 381535.23; 104190.94
acq; 955; 735046.56; 622704.92; 184605.54
acr; 217; 109540.53; 813797.37; 240840.93
acs; 836; 562713.72; 321655.98; 163627.51
act; 950; 959927.45; 993601.52; 65472.94
acu; 50; 1024076.55; 388341.51; 332472.95
acv; 598; 723264.71; 432435.94; 305385.14
acw; 385; 635392.22; 526694.86; 149711.72
acx; 582; 70520.82; 1028641.02; 121437.68
acy; 506; 350233.6; 787731.7; 134452.82
ada; 419; 464594.23; 289035.21; 32495.2
adb; 996; 596849.18; 419268.05; 213484.67
adc; 139; 725327.03; 677643.55; 175533.55
add; 834; 328135.46; 134692.46; 176539.03
ade; 73; 24219.77; 206858.2; 282716.7
adf; 423; 274312.44; 956065.27; 88401.62
adg; 693; 339820.92; 703683.12; 230563.36
adh; 431; 430634.71; 671147.87; 148983.08
adi; 765; 612451.48; 989862.68; 162761.99
adj; 702; 698868.83; 928033.49; 95450.06
adk; 994; 411960.73; 1007663.5; 170656.37
adl; 898; 1020673.26; 440356.37; 1556.64
adm; 137; 821284.15; 944286.95; 317062.81
adn; 316; 361194.38; 595646.65; 27261.69
ado; 363; 668306.63; 992193.11; 131558.57
adp; 125; 640429.87; 163678.3; 98541.93
adq; 241; 786555.0; 814459.97; 235363.05
adr; 867; 378595.75; 515581.19; 246733.19
ads; 867; 727102.3; 128879.04; 235699.25
adt; 592; 630963.57; 229375.9; 129882.73
adu; 317; 582230.47; 562299.5; 70847.48
adv; 858; 260732.33; 1044490.42; 294630.45
adw; 81; 815558.9; 518976.23; 200387.0
adx; 843; 950383.48; 114331.33; 247465.44
ady; 137; 156604.32; 419965.01; 211933.06
aea; 221; 978741.59; 528073.54; 108140.22
aeb; 734; 984208.14; 1022874.56; 7165.15
aec; 577; 18121.97; 921185.88; 317871.85
aed; 376; 443190.31; 116042.58; 202904.23
aee; 245; 771939.2; 773576.28; 318903.74
aef; 244; 774708.95; 513074.57; 325938.86
aeg; 192; 566572.69; 985476.87; 113212.24
aeh; 641; 931295.66; 915560.75; 333583.54
aei; 615; 61567.82; 652251.97; 257957.23
aej; 275; 819626.25; 997916.74; 208658.35
aek; 757; 741985.88; 649791.04; 244683.34
ael; 78; 39492.78; 51224.19; 212344.99
aem; 207; 937813.23; 814411.74; 75935.96
aen; 521; 859292.39; 615473.49; 166055.43
aeo; 656; 494482.23; 196240.95; 54747.59
aep; 737; 68662.25; 104173.43; 195238.44
aeq; 324; 990513.11; 218447.42; 110213.05
aer; 662; 593527.89; 334305.88; 235660.75
aes; 477; 660310.83; 598879.87; 259069.48
aet; 367; 791207.55; 523128.16; 311393.73
aeu; 960; 640429.86; 1034223.8; 197497.87
aev; 153; 563811.45; 843390.16; 226843.89
aew; 552; 212682.52; 890134.75; 236934.32
aex; 525; 521652.8; 611102.21; 112419.18
aey; 637; 623988.53; 595385.97; 287523.81
afa; 337; 454297.38; 904950.66; 24909.56
afb; 386; 446919.58; 365162.32; 171459.44
afc; 4; 379679.7; 305788.85; 33766.75
afd; 918; 725861.73; 877847.19; 295559.51
afe; 910; 549288.0; 110127.83; 141002.29
aff; 560; 263753.92; 336861.8; 323261.38
afg; 680; 384297.57; 938776.16; 92017.63
afh; 918; 514787.79; 251986.09; 225830.06
afi; 711; 139460.58; 588141.36; 32580.98
afj; 53; 167293.34; 570433.52; 152253.39
afk; 506; 978492.27; 189714.59; 143990.42
afl; 920; 538782.78; 1029159.98; 225211.13
afm; 689; 1042999.93; 484810.25; 82853.22
afn; 128; 992338.17; 7919.34; 184810.52
afo; 136; 953027.8; 539635.43; 88571.23
afp; 234; 925274.63; 751419.35; 66788.4
afq; 588; 222050.39; 525745.01; 79446.36
afr; 149; 571600.34; 727402.55; 171458.36
afs; 156; 1007460.41; 831257.16; 226941.6
aft; 887; 10249.17; 506175.81; 293457.29
afu; 316; 782038.56; 218015.55; 54312.73
afv; 512; 415509.62; 159779.25; 179174.8
afw; 976; 767630.91; 281629.33; 278341.69
afx; 862; 501814.47; 743725.22; 330501.05
afy; 904; 35829.83; 383375.04; 25952.19
aga; 205; 82264.08; 664915.54; 253263.24
agb; 170; 73042.23; 1008309.97; 205074.15
agc; 489; 998402.15; 260155.24; 184827.04
agd; 971; 310855.56; 487759.29; 18994.28
age; 866; 760775.03; 216577.65; 297020.44
agf; 46; 633679.32; 922528.12; 318832.58
agg; 811; 927971.06; 964648.56; 8213.68
agh; 339; 658593.38; 873232.11; 166523.34
agi; 568; 326845.84; 615140.55; 141152.8
agj; 657; 804227.24; 233226.9; 52113.13
agk; 405; 1006117.51; 819053.64; 317100.2
agl; 717; 236059.18; 717154.96; 245538.86
agm; 407; 596356.62; 392853.05; 102156.55
agn; 917; 230456.56; 997310.65; 287909.89
ago; 125; 787136.9; 392562.26; 275066.3
agp; 252; 36040.71; 680635.01; 109621.43
agq; 993; 128918.3; 142724.07; 28763.75
agr; 698; 1007170.41; 354196.66; 261020.41
ags; 59; 767698.48; 512659.21; 104149.93
agt; 881; 243153.05; 749055.91; 128384.72
agu; 485; 700984.8; 264005.15; 216607.51
agv; 582; 669731.33; 848445.05; 111372.37
agw; 324; 288253.18; 525316.12; 107249.67
agx; 271; 7214.55; 639278.53; 179866.34
agy; 361; 169557.56; 881214.75; 292609.27
aha; 943; 675136.16; 556493.72; 303963.95
ahb; 128; 384125.45; 171364.37; 237293.91
ahc; 384; 547794.37; 667347.51; 234765.27
ahd; 992; 977208.08; 721472.4; 91482.24
ahe; 985; 649010.88; 774672.5; 47146.25
ahf; 701; 551420.49; 488268.98; 192035.66
ahg; 659; 837120.36; 307354.78; 233586.09
ahh; 561; 66062.31; 61634.24; 287751.99
ahi; 989; 659801.44; 493268.73; 151664.79
ahj; 583; 200190.59; 887326.56; 16012.17
ahk; 648; 290568.48; 681535.19; 307738.75
ahl; 321; 37415.68; 449152.72; 17135.0
ahm; 85; 1017606.15; 598969.68; 194983.36
ahn; 579; 985443.34; 330060.02; 151203.06
aho; 61; 562829.3; 752976.71; 98780.15
ahp; 337; 990260.19; 420180.08; 335438.95
ahq; 366; 711753.53; 260781.2; 25233.23
ahr; 576; 564244.65; 149292.2; 190592.55
ahs; 208; 729459.17; 985466.15; 4870.14
aht; 564; 272350.5; 670307.91; 22864.84
ahu; 125; 113897.6; 315801.84; 254975.19
ahv; 301; 1006604.73; 423813.88; 27461.21
ahw; 965; 376533.97; 804293.82; 224595.71
ahx; 597; 120648.92; 983466.81; 109940.92
ahy; 133; 527793.53; 620187.36; 178208.9
aia; 418; 535866.4; 313650.61; 228086.43
aib; 719; 1045758.91; 292962.44; 332999.38
aic; 217; 98600.77; 407399.66; 56476.49
aid; 284; 104608.87; 970325.48; 118241.26
aie; 847; 668452.71; 22715.82; 180442.9
aif; 796; 42036.43; 677818.22; 299035.25
aig; 294; 735529.12; 279926.71; 122930.5
aih; 86; 962412.24; 52038.87; 282817.6
aii; 226; 407939.19; 2539.67; 220971.49
aij; 875; 48751.26; 638843.97; 135173.28
aik; 980; 991344.13; 901955.75; 99368.85
ail; 63; 143369.17; 300611.63; 205452.34
aim; 816; 445512.98; 851186.24; 151627.59
ain; 387; 366562.48; 896315.97; 11127.9
aio; 330; 878875.63; 860198.19; 235157.98
aip; 765; 808131.39; 864689.74; 116610.15
aiq; 631; 291713.33; 363453.77; 106648.94
air; 472; 59121.82; 827214.27; 121705.64
ais; 702; 59233.89; 1001372.21; 274715.6
ait; 377; 43004.69; 79137.59; 124189.17
aiu; 414; 216274.43; 28277.79; 148107.63
aiv; 601; 274420.3; 740178.08; 313972.66
aiw; 255; 951417.31; 662655.54; 151704.63
aix; 738; 160881.36; 273889.27; 21787.1
aiy; 542; 346041.34; 440132.87; 10311.6
aja; 250; 473374.66; 979456.12; 293333.02
ajb; 741; 357448.36; 33778.85; 62026.73
ajc; 473; 417290.03; 404729.95; 112174.18
ajd; 786; 353988.17; 6219.44; 155271.5
aje; 616; 160889.61; 894384.73; 245574.61
ajf; 167; 190571.37; 382335.38; 184602.81
ajg; 96; 562229.29; 278599.51; 333202.83
ajh; 330; 580008.27; 885779.56; 34077.85
aji; 823; 5874.76; 126159.89; 331373.86
ajj; 388; 351742.87; 875642.94; 254725.02
ajk; 471; 1032850.12; 676515.24; 256991.06
ajl; 381; 36733.07; 511609.41; 308903.37
ajm; 580; 375735.61; 279478.0; 322234.07
ajn; 708; 662722.34; 310126.55; 24986.77
ajo; 929; 324598.04; 77918.57; 88898.34
ajp; 729; 389164.9; 471198.76; 311579.36
ajq; 767; 542770.86; 777800.14; 235657.11
ajr; 818; 571463.79; 234486.93; 56349.19
ajs; 487; 892691.35; 508862.33; 131818.19
ajt; 708; 205840.5; 960016.22; 234007.83
aju; 85; 126157.33; 390248.3; 290661.63
ajv; 535; 30396.33; 745956.45; 282770.71
ajw; 192; 388176.87; 1022108.42; 143835.47
ajx; 264; 648818.87; 587430.19; 36094.18
ajy; 982; 581163.09; 906605.16; 70311.84
aka; 63; 980459.74; 293261.38; 287801.44
akb; 618; 525540.17; 394126.37; 159307.19
akc; 262; 850767.0; 492978.1; 309725.47
akd; 772; 312465.08; 823598.07; 76580.04
ake; 649; 420533.24; 88825.56; 140856.4
akf; 779; 276145.08; 352641.12; 176073.76
akg; 531; 849224.17; 826843.69; 52305.2
akh; 634; 48555.16; 230865.81; 62366.94
aki; 656; 543967.77; 948252.23; 24159.51
akj; 659; 712402.93; 487716.97; 155553.2
akk; 930; 944474.33; 9116.09; 60737.44
akl; 56; 303206.02; 802457.67; 229187.11
akm; 565; 630130.45; 229992.25; 39786.3
akn; 609; 373169.67; 208226.14; 59073.21
ako; 78; 774480.5; 635349.08; 205047.34
akp; 175; 792283.83; 823929.06; 292451.74
akq; 944; 41669.98; 769139.03; 116843.38
akr; 941; 834275.56; 685498.73; 305874.01
aks; 768; 425355.09; 486182.63; 164975.34
akt; 950; 824186.13; 780574.12; 32098.32
aku; 27; 448241.18; 659440.24; 234060.51
akv; 839; 45417.76; 506221.81; 256604.81
akw; 265; 205408.53; 223643.55; 232167.03
akx; 552; 751672.06; 15853.11; 96435.4
aky; 221; 677610.07; 978487.03; 287684.87
ala; 318; 905372.96; 266245.44; 225434.55
alb; 374; 102199.51; 1027352.61; 79399.52
alc; 382; 556254.0; 510489.35; 60321.61
ald; 813; 752620.04; 779947.4; 334826.3
ale; 820; 690634.02; 575716.59; 243173.4
alf; 354; 416037.47; 715571.76; 41659.34
alg; 984; 668958.03; 640706.12; 256251.46
alh; 362; 433852.06; 363670.87; 246592.06
ali; 450; 440678.48; 97298.51; 330500.32
alj; 928; 93270.08; 740956.5; 210263.36
alk; 985; 846607.82; 356365.02; 173059.83
all; 5; 261748.0; 545476.44; 257468.72
alm; 526; 897449.53; 137804.52; 243158.11
aln; 701; 1017430.23; 507756.23; 14264.35
alo; 647; 251606.68; 846625.47; 109043.56
alp; 863; 908726.1; 858447.42; 292384.21
alq; 702; 36008.75; 303685.74; 273907.91
alr; 398; 701384.81; 666425.0; 280629.06
als; 886; 832799.57; 1022657.54; 26466.6
alt; 427; 180354.11; 377912.24; 287390.45
alu; 559; 361863.11; 503046.35; 142502.69
alv; 12; 199797.45; 447068.18; 58366.25
alw; 898; 55792.77; 303426.54; 259834.02
alx; 525; 921179.59; 293694.77; 62444.18
aly; 183; 712880.98; 533007.75; 124437.87
ama; 878; 684817.57; 309949.14; 217806.53
amb; 467; 1003859.12; 589893.01; 175165.16
amc; 769; 14899.08; 456641.04; 25373.09
amd; 472; 909384.26; 552805.0; 214984.2
ame; 752; 97981.5; 138458.55; 311485.05
amf; 713; 706165.09; 66042.79; 101106.65
amg; 703; 923054.11; 808542.83; 211430.76
amh; 317; 366749.18; 849046.02; 117404.49
ami; 15; 358364.64; 594868.43; 146935.86
amj; 971; 699796.67; 512433.62; 118098.96
amk; 240; 954082.15; 699678.56; 73580.29
aml; 563; 701829.31; 38661.19; 142309.3
amm; 671; 126715.46; 732899.79; 294001.43
amn; 453; 383050.57; 261987.83; 327159.18
amo; 766; 242714.98; 722333.03; 90514.92
amp; 114; 982619.63; 446857.31; 107910.23
amq; 820; 561066.8; 296142.2; 209948.73
amr; 22; 275724.56; 231354.67; 134088.04
ams; 853; 593601.66; 902793.65; 216523.1
amt; 665; 715789.07; 445152.11; 17865.56
amu; 641; 592402.98; 638314.47; 275225.0
amv; 854; 120508.05; 31803.34; 322382.19
amw; 663; 367124.28; 975707.14; 322042.11
amx; 751; 31985.22; 53396.56; 240442.18
amy; 684; 855909.98; 692884.49; 309644.25
ana; 637; 1028522.25; 672976.1; 77714.09
anb; 302; 402737.89; 297802.69; 242278.88
anc; 482; 893140.32; 759959.73; 252830.79
and; 248; 863878.31; 105263.76; 226996.69
ane; 158; 758953.36; 979059.21; 305070.43
anf; 435; 729883.28; 449899.11; 109012.31
ang; 292; 442087.66; 752478.74; 268901.77
anh; 209; 144072.79; 553658.31; 131130.94
ani; 719; 938020.75; 287050.73; 303995.24
anj; 400; 326348.38; 828276.55; 80997.63
ank; 133; 647469.72; 138539.07; 96716.2
anl; 46; 574507.63; 197738.96; 117978.97
anm; 176; 716357.51; 383642.29; 6209.83
ann; 969; 420948.72; 307219.55; 86986.64
ano; 859; 676331.61; 642848.11; 335496.7
anp; 118; 934720.02; 553813.19; 263216.01
anq; 234; 888915.96; 661712.98; 299746.75
anr; 221; 512239.7; 381025.49; 212373.21
ans; 933; 567977.05; 935418.28; 233181.03
ant; 175; 799264.24; 301300.7; 157621.21
anu; 219; 482020.03; 562998.7; 198756.39
anv; 140; 864241.48; 473062.53; 105469.52
anw; 680; 568497.82; 125237.55; 34119.55
anx; 304; 773781.59; 82980.39; 238601.6
any; 427; 272497.03; 699623.15; 194844.35
aoa; 695; 756655.39; 670820.16; 327538.71
aob; 31; 516858.2; 339376.85; 117145.69
aoc; 527; 1013033.49; 929551.01; 321545.17
aod; 946; 277612.42; 871614.67; 263143.46
aoe; 264; 71170.1; 730035.8; 252213.21
aof; 198; 1025901.2; 749044.31; 165044.88
aog; 501; 956884.67; 188272.47; 116908.32
aoh; 274; 494833.03; 931437.56; 88931.78
aoi; 708; 1009446.41; 311004.24; 97742.58
aoj; 392; 889649.19; 392149.61; 127602.71
aok; 2; 926071.95; 279541.63; 138013.58
aol; 40; 556469.74; 415017.66; 316191.88
aom; 438; 679021.37; 655828.34; 226938.45
aon; 12; 173314.28; 595577.89; 4907.45
aoo; 628; 586854.97; 817874.27; 52531.72
aop; 776; 445844.41; 129644.08; 210611.47
aoq; 82; 135202.88; 722008.61; 182370.76
aor; 725; 784304.21; 779935.12; 47282.21
aos; 413; 869124.35; 698121.99; 182470.26
aot; 546; 379058.97; 405675.44; 138865.88
aou; 845; 635406.86; 126573.15; 175157.68
aov; 641; 607944.98; 140921.61; 11521.33
aow; 108; 253658.68; 502962.85; 107607.95
aox; 584; 876409.56; 940798.34; 179096.62
aoy; 97; 72746.04; 712803.49; 61390.44
apa; 486; 733271.79; 282486.06; 221542.37
apb; 943; 229837.65; 915765.89; 123484.06
apc; 87; 892541.66; 121722.15; 201709.92
apd; 449; 949670.9; 362572.38; 331288.87
ape; 308; 220640.1; 63314.88; 134143.36
apf; 847; 965241.59; 855744.6; 59889.83
apg; 39; 579990.49; 336376.2; 112493.67
aph; 165; 726978.03; 244176.23; 207335.76
api; 963; 586728.21; 212927.19; 42297.38
apj; 102; 848321.73; 250915.07; 4217.23
apk; 257; 746329.47; 556661.81; 251462.57
apl; 435; 944828.69; 902968.29; 173208.76
apm; 963; 368625.43; 293603.37; 236719.96
apn; 972; 392229.1; 83610.53; 165015.61
apo; 279; 201377.14; 614848.79; 308592.16
app; 125; 935310.66; 774782.29; 184981.56
apq; 862; 197970.97; 13620.19; 168162.07
apr; 38; 426602.56; 101796.4; 145283.8
aps; 753; 293040.98; 498546.31; 220940.35
apt; 773; 757777.26; 541964.94; 130289.71
apu; 934; 451934.72; 903337.05; 2975.98
apv; 324; 365792.01; 173401.82; 133909.52
apw; 929; 701225.51; 279844.48; 102080.96
apx; 841; 452600.01; 716067.11; 290738.93
apy; 106; 759185.27; 727087.0; 46814.94
aqa; 791; 306563.69; 333327.89; 224157.22
aqb; 231; 922402.31; 254800.45; 21322.63
aqc; 644; 694110.8; 522857.06; 68619.98
aqd; 179; 278553.24; 140187.55; 309362.31
aqe; 774; 186708.58; 363930.72; 297268.21
aqf; 9; 276093.57; 493395.27; 141592.81
aqg; 275; 589545.6; 46700.54; 246560.01
aqh; 60; 935632.32; 189026.81; 300156.23
aqi; 256; 724808.91; 167734.25; 160927.88
aqj; 700; 134859.41; 27822.05; 178473.61
aqk; 488; 62457.57; 580219.44; 76490.02
aql; 140; 337873.31; 252526.57; 296837.74
aqm; 567; 404979.76; 394703.06; 286411.47
aqn; 672; 178892.71; 617966.15; 271407.8
aqo; 864; 383704.37; 518595.46; 52231.49
aqp; 111; 574103.91; 848573.36; 155320.02
aqq; 341; 870639.85; 155294.62; 258006.45
aqr; 985; 1039519.97; 862104.06; 14833.59
aqs; 904; 461149.75; 162082.8; 315116.67
aqt; 559; 836751.89; 404751.54; 307425.93
aqu; 954; 259566.15; 421194.12; 170774.41
aqv; 742; 639030.43; 1043925.29; 106704.45
aqw; 240; 34256.47; 322882.3; 24090.92
aqx; 416; 390485.5; 661390.74; 248930.74
aqy; 752; 447897.96; 102656.31; 1600.77
ara; 555; 238716.35; 89135.31; 222851.96
arb; 241; 944543.08; 11063.71; 315999.05
arc; 691; 649340.63; 743642.56; 126573.8
ard; 549; 806672.39; 253320.68; 69289.97
are; 888; 279262.03; 325551.35; 192583.86
arf; 955; 809235.42; 621473.78; 224876.43
arg; 58; 948773.4; 176801.16; 324324.96
arh; 690; 1020107.39; 405725.28; 254792.59
ari; 703; 312227.76; 95565.06; 77601.52
arj; 476; 255709.81; 848923.4; 111701.89
ark; 493; 904607.56; 765781.12; 332421.88
arl; 17; 259373.42; 465548.51; 296862.67
arm; 242; 265290.65; 118635.45; 3825.82
arn; 341; 990693.72; 189946.98; 82667.69
aro; 488; 229633.28; 359246.97; 223176.78
arp; 569; 780970.75; 120925.43; 147685.51
arq; 159; 685627.8; 301453.2; 13140.37
arr; 215; 617989.76; 49244.53; 219286.9
ars; 748; 663591.56; 256195.41; 146814.07
art; 828; 474033.64; 894621.23; 249542.09
aru; 802; 901417.95; 253616.38; 160590.45
arv; 326; 369571.13; 617448.04; 213713.62
arw; 560; 745214.33; 653445.53; 272618.62
arx; 206; 959673.73; 791461.5; 229427.49
ary; 132; 276919.72; 843675.97; 174750.37
asa; 827; 990092.62; 748070.37; 241791.53
asb; 543; 572914.25; 660268.0; 120347.57
asc; 928; 912263.73; 367365.37; 265853.75
asd; 674; 569256.07; 720895.03; 304726.14
ase; 349; 878440.49; 740911.59; 188133.95
asf; 740; 226888.26; 740158.81; 84429.34
asg; 311; 140694.24; 804870.59; 152940.25
ash; 718; 240774.57; 280368.68; 247371.86
asi; 724; 358319.53; 533113.05; 225766.76
asj; 556; 51264.88; 171619.84; 285358.24
ask; 792; 610630.38; 751174.52; 297491.73
asl; 497; 612769.48; 591050.24; 289853.53
asm; 469; 673826.35; 431025.94; 32630.71
asn; 460; 256294.33; 167728.15; 166255.65
aso; 325; 982928.76; 459015.58; 70478.4
asp; 253; 196469.11; 78199.71; 94767.85
asq; 210; 563182.78; 384941.32; 105946.16
asr; 179; 890472.5; 4611.16; 27333.99
ass; 453; 940357.99; 680909.87; 271006.67
ast; 352; 917675.45; 110677.99; 320064.23
asu; 190; 212063.31; 484844.85; 3360.19
asv; 381; 533181.52; 107799.07; 47014.73
asw; 776; 202261.06; 384566.99; 226538.05
asx; 866; 699681.87; 3830.97; 303454.49
asy; 880; 972796.72; 540204.33; 314603.15
ata; 259; 69881.54; 256323.77; 5376.41
atb; 741; 157566.5; 133342.63; 88277.79
atc; 942; 398025.96; 271077.44; 8122.21
atd; 448; 49896.26; 237861.82; 124766.8
ate; 232; 739882.43; 68.28; 100197.5
atf; 821; 598054.57; 188917.61; 46609.59
atg; 627; 662864.61; 279413.11; 2908.91
ath; 280; 455547.01; 776118.36; 77494.72
ati; 687; 279970.67; 947386.85; 124269.36
atj; 520; 721019.73; 266470.07; 148243.95
atk; 462; 1030287.09; 478660.13; 7288.91
atl; 678; 607380.38; 938554.46; 296641.86
atm; 805; 344880.55; 491082.27; 324353.04
atn; 221; 98578.2; 438215.02; 141296.28
ato; 340; 201846.47; 396649.3; 270917.87
atp; 750; 678153.9; 762363.32; 61042.96
atq; 523; 496408.14; 382019.83; 90207.47
atr; 493; 794156.1; 63677.2; 205395.21
ats; 214; 149787.35; 584109.32; 224731.34
att; 42; 656977.05; 915356.83; 216395.78
atu; 537; 1042601.89; 428979.59; 222549.05
atv; 762; 891477.03; 533472.07; 241774.56
atw; 676; 73461.02; 626555.61; 46840.45
atx; 991; 369473.18; 165658.89; 108950.73
aty; 955; 330085.97; 720735.69; 96504.46
aua; 791; 828775.01; 675172.51; 297673.79
aub; 468; 151984.47; 154712.88; 269200.61
auc; 12; 600135.02; 433189.64; 204318.96
aud; 944; 733311.07; 797673.33; 229838.36
aue; 945; 370725.55; 290002.51; 330534.42
auf; 26; 866806.74; 179198.26; 195577.48
aug; 499; 94551.81; 763126.13; 59976.81
auh; 919; 223469.38; 959681.72; 255736.92
aui; 824; 304659.11; 544044.35; 291631.33
auj; 379; 997093.08; 635221.85; 268290.26
auk; 554; 398762.84; 820011.04; 155559.64
aul; 632; 3738.72; 731344.39; 239769.68
aum; 107; 329174.02; 98921.07; 114888.67
aun; 496; 58687.11; 205550.44; 28469.54
auo; 39; 24577.57; 849491.57; 176956.41
aup; 347; 996168.92; 831457.21; 105666.79
auq; 169; 908661.18; 103094.43; 37183.63
aur; 757; 930677.28; 896867.12; 300361.8
aus; 56; 659256.76; 182345.84; 233733.12
aut; 428; 163548.13; 52670.13; 128077.19
auu; 748; 239705.76; 685839.86; 92567.32
auv; 226; 123457.92; 303361.05; 131207.45
auw; 66; 547057.81; 604413.66; 158843.97
aux; 443; 602940.77; 298245.57; 186449.62
auy; 821; 311347.85; 627864.21; 147366.17
ava; 253; 877216.97; 405490.97; 120773.9
avb; 391; 199518.34; 610613.83; 316148.58
avc; 77; 3520.02; 1010810.61; 246838.73
avd; 295; 199700.24; 961747.41; 282211.76
ave; 525; 130876.06; 341369.29; 108658.04
avf; 271; 599206.09; 606478.71; 120782.53
avg; 402; 443231.08; 626484.09; 121421.61
avh; 175; 1041720.37; 63105.08; 298874.0
avi; 703; 239054.43; 226816.12; 73046.36
avj; 837; 528695.76; 934505.21; 294148.07
avk; 517; 222740.27; 43641.7; 302760.9
avl; 920; 1000633.43; 602768.9; 272459.98
avm; 249; 90159.21; 401117.12; 84188.25
avn; 784; 915102.43; 227427.99; 53360.24
avo; 898; 277517.51; 744330.39; 137387.22
avp; 629; 62974.03; 775606.25; 100361.68
avq; 688; 751503.39; 1034763.21; 268093.72
avr; 880; 55464.16; 374374.17; 135205.7
avs; 525; 964263.93; 478196.34; 42499.59
avt; 628; 770765.79; 192005.74; 271353.58
avu; 239; 592469.53; 22325.39; 292887.1
avv; 752; 758384.02; 218055.97; 129079.18
avw; 734; 308849.08; 247741.66; 212511.85
avx; 337; 1014753.56; 697529.42; 268681.46
avy; 396; 549861.28; 658297.26; 302613.45
awa; 558; 308721.37; 881985.3; 115561.65
awb; 307; 869841.79; 1032298.27; 276374.99
awc; 930; 997409.41; 956651.28; 317393.09
awd; 272; 816950.79; 853013.07; 191305.81
awe; 516; 894518.91; 524229.12; 224193.97
awf; 447; 362560.74; 898769.13; 293682.35
awg; 289; 73825.7; 903976.89; 139130.14
awh; 266; 373234.93; 723538.95; 298358.53
awi; 223; 1011483.2; 148722.28; 39482.87
awj; 293; 1027523.76; 613793.7; 208312.0
awk; 624; 410631.6; 515401.2; 75897.08
awl; 617; 138922.52; 867300.99; 217668.39
awm; 560; 402497.46; 166316.13; 176688.79
awn; 653; 737634.1; 769432.34; 119344.93
awo; 374; 159487.91; 68076.21; 30379.86
awp; 608; 154284.37; 124830.79; 53442.18
awq; 25; 471491.91; 711194.06; 93676.07
awr; 441; 135435.18; 793229.87; 192259.4
aws; 583; 997104.25; 989338.93; 17750.59
awt; 322; 606741.7; 1007774.45; 136157.69
awu; 836; 519177.85; 390880.21; 213631.77
awv; 89; 85279.74; 222157.54; 112906.44
aww; 196; 254803.43; 222827.74; 237132.36
awx; 100; 397171.44; 997392.36; 107165.29
awy; 210; 31553.26; 68359.22; 130536.63
axa; 58; 954158.45; 719455.84; 161907.05
axb; 681; 45694.85; 594639.5; 287563.38
axc; 202; 929672.91; 783434.16; 231924.79
axd; 871; 246985.66; 760534.7; 243254.5
axe; 57; 650732.35; 333591.37; 14306.86
axf; 260; 769786.56; 347104.32; 41983.32
axg; 384; 894385.31; 467712.46; 317032.78
axh; 93; 855616.45; 873782.72; 111508.68
axi; 745; 443585.55; 238642.3; 203383.69
axj; 448; 532226.49; 681078.66; 176418.62
axk; 106; 638005.77; 177144.73; 283576.63
axl; 689; 844550.08; 976275.41; 333426.34
axm; 213; 359664.05; 298764.39; 223692.55
axn; 655; 856408.32; 548486.36; 104917.03
axo; 480; 441510.95; 503878.02; 75648.31
axp; 331; 1046765.09; 589032.67; 42127.75
axq; 126; 827786.51; 284874.53; 166766.33
axr; 768; 228472.53; 1010021.76; 133142.52
axs; 163; 268461.37; 973539.25; 303070.35
axt; 714; 470505.15; 783985.85; 299703.31
axu; 192; 110768.79; 842623.29; 38933.48
axv; 638; 309892.73; 264146.72; 286881.53
axw; 962; 274379.45; 81036.97; 169349.77
axx; 911; 2893.25; 980112.43; 99608.09
axy; 37; 611711.09; 464999.76; 264972.47
aya; 443; 564424.19; 686664.42; 331717.04
ayb; 880; 826790.77; 137662.33; 258506.96
ayc; 923; 27166.28; 836520.52; 175479.16
ayd; 866; 940719.25; 395209.07; 304175.78
aye; 945; 968169.01; 296834.73; 38749.14
ayf; 255; 503651.16; 627367.57; 130063.09
ayg; 455; 120005.42; 143774.7; 121087.87
ayh; 751; 914974.56; 178974.47; 5952.04
ayi; 878; 252497.99; 595382.06; 274727.87
ayj; 310; 743461.41; 37545.67; 253821.22
ayk; 482; 22002.15; 797178.22; 32075.0
ayl; 677; 239003.67; 643393.99; 122110.45
aym; 310; 333430.09; 849489.15; 261257.75
ayn; 649; 900230.59; 199516.94; 26918.15
ayo; 166; 439369.57; 535018.31; 241767.56
ayp; 848; 219402.74; 908846.79; 217933.11
ayq; 690; 873877.54; 105102.68; 82485.98
ayr; 714; 180750.59; 20938.14; 158783.94
ays; 455; 692619.01; 106561.4; 3973.22
ayt; 962; 429426.62; 441070.21; 26331.14
ayu; 762; 1042131.55; 58266.64; 311094.76
ayv; 86; 621123.51; 624301.77; 50185.44
ayw; 521; 1019525.52; 164789.46; 87103.5
ayx; 713; 493067.19; 840772.6; 76776.02
ayy; 683; 83868.37; 199595.71; 1935.59
baa; 312; 180810.86; 1009375.86; 87650.67
bab; 874; 5293.44; 147705.25; 30432.4
bac; 741; 407643.68; 316684.1; 266728.04
bad; 765; 896263.07; 77371.13; 331404.88
bae; 924; 287499.24; 406683.15; 192412.77
baf; 493; 463656.34; 29685.84; 117131.17
bag; 166; 699143.33; 1023945.49; 334660.73
bah; 929; 154969.68; 758758.77; 137916.94
bai; 454; 619246.29; 385742.82; 48880.08
baj; 279; 466601.49; 906097.75; 248647.11
bak; 470; 885364.5; 313526.98; 222538.93
bal; 969; 818327.33; 574758.39; 54746.19
bam; 556; 357383.36; 482115.76; 66543.02
ban; 861; 553665.96; 374830.96; 182872.59
bao; 932; 976014.64; 271162.07; 171892.76
bap; 609; 814585.89; 878344.89; 101334.92
baq; 378; 287675.7; 162402.55; 13506.35
bar; 611; 126324.34; 589210.75; 303398.69
bas; 269; 876510.93; 836045.78; 175089.52
bat; 634; 142415.01; 1022699.86; 161694.67
bau; 868; 847394.57; 402758.39; 242445.12
bav; 447; 410566.81; 571841.35; 293544.86
baw; 381; 916318.35; 581263.37; 60485.64
bax; 231; 455830.17; 189780.27; 279932.49
bay; 51; 678522.24; 887084.11; 111875.74
bba; 216; 966226.37; 307291.31; 290400.55
bbb; 442; 151991.6; 376828.77; 265855.94
bbc; 488; 1002688.62; 808979.78; 32928.1
bbd; 986; 104769.04; 40938.61; 86399.48
bbe; 620; 190083.64; 565016.38; 86487.96
bbf; 536; 956776.13; 931598.82; 313602.86
bbg; 533; 682283.14; 90661.53; 224632.03
bbh; 845; 932756.81; 327771.95; 229239.66
bbi; 405; 452977.67; 1020456.53; 55081.08
bbj; 757; 555210.25; 283317.67; 95932.5
bbk; 170; 635607.42; 894394.2; 133985.76
bbl; 672; 502411.16; 828895.32; 252389.49
bbm; 435; 737452.23; 324900.3; 333375.32
bbn; 652; 970464.51; 446671.26; 175454.69
bbo; 102; 632365.94; 106358.07; 303946.26
bbp; 621; 978475.35; 737322.96; 105766.8
bbq; 55; 946000.02; 108154.95; 149451.14
bbr; 836; 315287.44; 436654.0; 309738.23
bbs; 387; 912102.99; 416726.75; 41721.36
bbt; 831; 107360.47; 823980.54; 292842.82
bbu; 939; 272561.65; 975302.27; 49262.68
bbv; 675; 227315.67; 486211.5; 35132.82
bbw; 291; 481405.23; 451264.83; 127614.67
bbx; 114; 730118.64; 340132.01; 189859.92
bby; 741; 7346.17; 96852.91; 202424.51
bca; 984; 499529.89; 970974.86; 21727.55
bcb; 704; 923005.62; 774081.89; 282316.12
bcc; 590; 255959.78; 751747.51; 119245.13
bcd; 5; 681386.77; 659915.87; 188743.89
bce; 977; 760565.22; 302969.35; 202960.23
bcf; 955; 628375.53; 591309.9; 333160.08
bcg; 279; 288550.77; 383978.97; 417.91
bch; 831; 813879.83; 315086.57; 215862.8
bci; 747; 471391.98; 791941.17; 159719.03
bcj; 363; 817547.81; 39237.7; 155182.01
bck; 407; 224187.61; 485874.44; 92856.54
bcl; 86; 465371.59; 940248.23; 28377.9
bcm; 412; 378617.08; 651474.56; 125604.0
bcn; 614; 683487.63; 1012307.16; 80034.53
bco; 81; 122305.65; 791774.59; 76451.76
bcp; 990; 692090.26; 249128.95; 103025.53
bcq; 123; 224892.98; 142462.94; 121126.74
bcr; 331; 504727.28; 641759.45; 229144.91
bcs; 50; 1026299.51; 771835.4; 313662.23
bct; 814; 837746.32; 354056.96; 191081.39
bcu; 888; 492789.29; 373434.86; 23063.37
bcv; 187; 977630.57; 961796.34; 255290.24
bcw; 649; 504822.0; 329344.09; 41795.63
bcx; 411; 247563.34; 177276.58; 73823.68
bcy; 253; 105902.7; 509198.6; 305263.8
bda; 147; 749213.97; 750614.72; 211437.66
bdb; 67; 344532.0; 844932.44; 301468.79
bdc; 199; 1034452.47; 880180.82; 222809.77
bdd; 843; 761636.33; 635306.25; 291358.65
bde; 772; 178230.11; 833981.27; 222714.68
bdf; 454; 192834.32; 161675.06; 34064.04
bdg; 191; 478326.56; 774580.81; 65274.2
bdh; 957; 733889.98; 542954.46; 57526.85
bdi; 880; 570181.69; 742212.1; 147151.79
bdj; 947; 760187.7; 556012.6; 11862.14
bdk; 367; 14759.31; 443335.43; 242258.15
bdl; 243; 1046431.11; 638477.77; 64301.18
bdm; 415; 984132.81; 28785.65; 108978.21
bdn; 767; 748303.0; 172797.51; 333201.18
bdo; 138; 525720.2; 639423.64; 169398.07
bdp; 158; 62819.88; 814930.58; 249743.58
bdq; 825; 546082.2; 783182.58; 210178.13
bdr; 132; 467464.15; 710561.36; 115877.66
bds; 715; 466692.37; 253588.43; 267276.23
bdt; 301; 882386.13; 999648.36; 190900.14
bdu; 638; 71396.09; 397272.48; 277681.46
bdv; 674; 648783.17; 161899.26; 37636.37
bdw; 233; 556843.93; 189792.82; 148360.24
bdx; 536; 516530.05; 820383.29; 236746.15
bdy; 348; 979737.46; 447004.89; 164591.44
bea; 439; 729025.8; 517891.92; 74164.79
beb; 212; 984213.79; 826908.13; 249676.78
bec; 228; 813666.06; 597635.51; 186341.66
bed; 965; 402260.76; 34734.5; 299041.28
bee; 811; 514218.28; 1038261.29; 266602.67
bef; 533; 693249.67; 812044.57; 149756.24
beg; 227; 515621.84; 184456.72; 287119.31
beh; 678; 938855.58; 246963.98; 194820.04
bei; 801; 808683.3; 46482.39; 67591.31
bej; 331; 869577.73; 83194.72; 235258.95
bek; 941; 212797.5; 536451.89; 192778.68
bel; 130; 246353.35; 600089.2; 332696.97
bem; 13; 268162.05; 808649.65; 109300.03
ben; 713; 294570.61; 43816.95; 110711.66
beo; 513; 15042.75; 898464.63; 320691.97
bep; 726; 80090.62; 678073.92; 125689.09
beq; 625; 22074.31; 898045.9; 248584.36
ber; 141; 441226.1; 806300.61; 273261.94
bes; 180; 66833.42; 999045.18; 65076.36
bet; 788; 312861.63; 4073.5; 4524.18
beu; 583; 1000020.21; 221738.05; 16429.97
bev; 184; 1028926.92; 357820.75; 298064.41
bew; 260; 466688.12; 371402.04; 260029.77
bex; 231; 799801.51; 55654.64; 187614.57
bey; 481; 653939.42; 504700.63; 278858.63
bfa; 873; 298514.3; 879559.6; 198659.25
bfb; 33; 425117.58; 1014900.81; 281322.29
bfc; 878; 985912.91; 579118.59; 15335.97
bfd; 553; 216938.72; 1043243.26; 93160.82
bfe; 467; 844950.96; 1018161.95; 35076.02
bff; 771; 188430.2; 728499.67; 111876.17
bfg; 410; 518800.85; 321357.54; 224268.67
bfh; 868; 398670.24; 719309.32; 330681.01
bfi; 940; 988220.54; 15378.26; 79243.81
bfj; 180; 135524.3; 88952.25; 278436.11
bfk; 614; 666938.39; 85676.15; 320749.27
bfl; 993; 608445.41; 400456.01; 45185.15
bfm; 819; 533226.9; 569107.43; 79012.35
bfn; 760; 998437.05; 68356.81; 105574.82
bfo; 354; 640511.14; 537812.1; 171941.09
bfp; 421; 332667.19; 565705.48; 279927.65
bfq; 321; 654238.03; 32543.14; 306999.58
bfr; 881; 271272.16; 269944.92; 217501.81
bfs; 320; 241407.45; 488522.4; 164083.34
bft; 790; 769467.08; 471936.68; 67117.06
bfu; 460; 431993.94; 888989.64; 102207.27
bfv; 720; 509092.23; 603224.75; 72248.87
bfw; 388; 551023.29; 520078.5; 70498.76
bfx; 169; 667889.9; 674207.83; 155118.2
bfy; 479; 285696.95; 970567.55; 288017.33
bga; 857; 769091.08; 986483.66; 20493.33
bgb; 649; 637262.9; 23617.8; 78564.11
bgc; 294; 542850.9; 234738.51; 1825.75
bgd; 81; 93751.45; 463824.86; 225654.39
bge; 930; 308114.61; 38757.92; 251004.51
bgf; 270; 316357.6; 355194.64; 23484.0
bgg; 692; 174832.52; 514125.69; 52373.58
bgh; 732; 1008188.12; 123052.63; 281833.72
bgi; 564; 997473.77; 106814.13; 55398.45
bgj; 918; 132337.79; 403720.39; 302647.26
bgk; 423; 481612.12; 932425.74; 175650.57
bgl; 705; 215167.77; 988553.04; 301110.45
bgm; 898; 675953.99; 572751.49; 190100.74
bgn; 880; 512151.89; 67779.52; 171041.27
bgo; 912; 51777.65; 943173.22; 25137.53
bgp; 238; 343325.78; 233824.62; 19607.82
bgq; 701; 108398.61; 418797.59; 253494.16
bgr; 107; 556003.24; 706683.65; 222800.78
bgs; 921; 187611.14; 287880.03; 237818.92
bgt; 143; 965636.74; 893861.62; 195680.52
bgu; 768; 563586.61; 847440.51; 298385.41
bgv; 575; 563229.19; 737291.28; 31994.94
bgw; 406; 652575.59; 349888.57; 147908.15
bgx; 992; 890830.01; 939214.87; 215611.31
bgy; 14; 838595.96; 462538.93; 308055.76
bha; 135; 841929.6; 289729.56; 48890.75
bhb; 24; 855484.25; 144538.71; 176913.98
bhc; 229; 175004.07; 139240.29; 221072.95
bhd; 995; 1028576.06; 222505.12; 199568.53
bhe; 215; 668880.56; 63599.04; 20437.91
bhf; 722; 344668.9; 342046.43; 280639.79
bhg; 704; 526955.19; 762732.76; 249785.92
bhh; 17; 595594.46; 493378.22; 327432.74
bhi; 651; 955039.84; 874212.05; 23890.9
bhj; 533; 310871.91; 363020.11; 80418.6
bhk; 919; 376494.99; 527209.53; 127854.06
bhl; 185; 542544.31; 940363.05; 81416.73
bhm; 851; 631507.89; 834875.55; 138362.96
bhn; 798; 752572.68; 5453.11; 212419.92
bho; 70; 744754.82; 261764.05; 235509.31
bhp; 362; 991276.84; 911760.51; 284771.9
bhq; 38; 512270.49; 108258.74; 212345.84
bhr; 973; 584733.49; 641626.01; 60044.53
bhs; 654; 346438.87; 650950.9; 130108.72
bht; 110; 330987.34; 765692.18; 245700.78
bhu; 518; 760329.33; 495367.77; 223015.09
bhv; 117; 961299.68; 65923.69; 47962.63
bhw; 316; 124113.64; 254928.13; 333446.28
bhx; 816; 113334.92; 1032402.63; 198515.89
bhy; 266; 563780.49; 402900.01; 292408.25
bia; 891; 428391.36; 586266.9; 82077.08
bib; 7; 164332.63; 943729.1; 5714.33
bic; 195; 227367.47; 244354.19; 329715.79
bid; 696; 746723.94; 858029.4; 304881.31
bie; 398; 821982.95; 993131.84; 178339.64
bif; 315; 428535.19; 241915.53; 75854.71
big; 936; 298693.9; 809748.6; 138767.55
bih; 235; 18948.13; 529041.92; 110739.76
bii; 410; 86591.49; 605181.69; 285371.93
bij; 277; 680027.02; 537588.65; 5203.27
bik; 948; 1024192.5; 2139.77; 260917.97
bil; 277; 57261.58; 722265.73; 141008.31
bim; 79; 555324.48; 656136.96; 135987.7
bin; 353; 377136.08; 141101.33; 140108.08
bio; 661; 500941.36; 765208.29; 171893.41
bip; 53; 75497.54; 756442.39; 162098.5
biq; 270; 669950.95; 282418.44; 7787.19
bir; 879; 1036979.61; 703941.37; 201296.71
bis; 45; 999104.15; 844346.1; 59390.32
bit; 98; 744186.99; 543612.78; 233186.38
biu; 123; 231474.22; 534188.8; 246250.96
biv; 839; 376994.6; 894826.56; 240089.51
biw; 824; 14609.0; 1038986.65; 5122.98
bix; 45; 775089.32; 896362.2; 291420.77
biy; 743; 597011.45; 576406.02; 108884.74
bja; 661; 668993.69; 201835.12; 107541.53
bjb; 726; 227561.61; 61321.29; 74989.69
bjc; 476; 427444.42; 199841.19; 261808.53
bjd; 810; 943452.87; 16888.96; 143842.13
bje; 247; 292329.07; 321580.39; 82939.78
bjf; 994; 144176.34; 571666.47; 127563.92
bjg; 675; 593732.07; 339613.32; 45465.19
bjh; 959; 814206.59; 814808.98; 262032.28
bji; 412; 170988.15; 141527.04; 297383.54
bjj; 199; 158046.27; 843977.66; 265507.77
bjk; 828; 643537.05; 564689.27; 286053.51
bjl; 187; 917213.33; 290677.82; 43726.07
bjm; 819; 951011.82; 422809.52; 216939.18
bjn; 39; 36162.88; 198482.47; 184339.06
bjo; 813; 386433.22; 329083.65; 285510.77
bjp; 231; 242442.16; 833164.65; 27521.74
bjq; 753; 672639.99; 489129.37; 293616.44
bjr; 812; 914205.52; 901391.86; 237316.74
bjs; 634; 531779.76; 300222.06; 49541.69
bjt; 449; 293152.19; 816839.71; 104129.39
bju; 70; 732501.47; 527786.09; 201113.23
bjv; 198; 107086.42; 207719.17; 244577.25
bjw; 112; 255113.1; 263558.3; 9986.65
bjx; 548; 950860.2; 950851.13; 80305.6
bjy; 923; 553503.8; 87221.44; 157776.3
bka; 919; 87141.82; 264057.11; 239133.82
bkb; 397; 779938.31; 607092.91; 164451.15
bkc; 39; 563982.62; 486194.01; 3676.69
bkd; 766; 988241.18; 109353.57; 182219.48
bke; 118; 875725.9; 324386.3; 322414.37
bkf; 478; 590182.86; 158687.31; 213717.5
bkg; 710; 726814.23; 36856.95; 95178.39
bkh; 184; 63804.59; 1018924.22; 35621.76
bki; 458; 461077.44; 11018.17; 166383.3
bkj; 579; 410113.53; 63086.89; 257372.24
bkk; 432; 638175.16; 512578.51; 256755.49
bkl; 978; 207160.03; 367480.25; 51587.75
bkm; 562; 586921.02; 257369.94; 136189.89
bkn; 216; 377616.41; 405992.08; 311166.16
bko; 81; 357335.88; 963319.1; 61865.07
bkp; 756; 1034186.77; 288462.47; 12723.57
bkq; 938; 307769.15; 1010797.55; 21077.07
bkr; 187; 336167.62; 164777.53; 42865.77
bks; 897; 658340.07; 303199.32; 269784.26
bkt; 347; 144649.73; 335055.63; 27502.75
bku; 133; 913438.61; 923333.98; 285.54
bkv; 790; 358823.88; 245229.52; 61767.55
bkw; 293; 464540.3; 969309.61; 301438.08
bkx; 283; 456413.61; 417832.31; 265067.35
bky; 323; 547047.33; 368404.8; 32590.47
bla; 92; 698685.54; 548082.3; 145577.0
blb; 303; 264070.51; 422892.09; 83604.56
blc; 154; 83611.24; 378695.36; 3433.57
bld; 954; 390536.39; 986435.67; 79555.27
ble; 951; 403878.02; 133957.76; 145024.96
blf; 811; 150203.08; 453758.58; 313373.06
blg; 546; 966798.04; 963957.89; 218108.63
blh; 770; 686871.03; 220739.77; 104091.69
bli; 877; 928495.69; 544925.65; 248499.71
blj; 858; 649053.68; 451981.6; 187069.4
blk; 652; 915933.92; 144794.9; 228595.14
bll; 672; 862106.89; 131898.19; 67830.21
blm; 668; 338861.0; 76887.95; 48196.38
bln; 294; 571989.02; 330510.4; 141206.33
blo; 336; 300803.23; 258787.97; 3840.95
blp; 358; 667394.22; 637594.03; 173210.87
blq; 559; 263629.05; 21437.91; 31972.86
blr; 161; 532683.29; 309174.34; 31806.25
bls; 211; 817236.38; 217616.48; 88142.21
blt; 769; 9029.83; 688257.47; 52110.64
blu; 890; 617167.74; 285510.72; 90484.22
blv; 59; 130336.89; 230973.32; 290171.3
blw; 954; 799395.6; 76232.0; 193860.88
blx; 928; 102398.08; 817002.33; 300098.81
bly; 357; 452408.35; 958506.73; 89542.07
bma; 516; 251795.33; 393803.8; 94339.97
bmb; 710; 489026.33; 435861.47; 158819.41
bmc; 980; 569772.09; 188845.37; 225564.78
bmd; 479; 1026582.83; 682720.88; 312402.41
bme; 476; 981517.6; 94891.52; 272811.21
bmf; 76; 434238.91; 129509.28; 177762.43
bmg; 164; 195582.15; 201387.24; 117562.55
bmh; 634; 904225.47; 948715.23; 332715.08
bmi; 41; 607566.57; 715594.72; 68583.02
bmj; 121; 535214.0; 427886.14; 245225.64
bmk; 710; 863816.41; 234364.86; 98006.57
bml; 29; 1038309.73; 289720.33; 95760.3
bmm; 963; 468726.47; 339724.76; 331466.03
bmn; 664; 238852.03; 302119.47; 237563.3
bmo; 63; 106192.49; 247260.23; 162041.13
bmp; 111; 539992.26; 8019.83; 55607.13
bmq; 123; 136359.75; 86328.96; 267344.26
bmr; 652; 587991.88; 733173.81; 124557.98
bms; 135; 78050.88; 435833.8; 63475.15
bmt; 464; 880533.32; 113236.28; 168166.92
bmu; 483; 706765.1; 327271.2; 207052.92
bmv; 712; 255505.12; 1033037.54; 226415.07
bmw; 505; 524881.72; 570604.5; 327407.15
bmx; 592; 1047214.59; 132325.17; 319756.31
bmy; 248; 261055.82; 53815.87; 229367.58
bna; 578; 806989.81; 441507.84; 195915.05
bnb; 30; 955907.77; 437560.57; 306761.98
bnc; 913; 760995.09; 133409.69; 281311.33
bnd; 571; 900794.57; 721695.93; 104929.29
bne; 501; 979863.15; 597646.94; 219205.33
bnf; 169; 166386.66; 528600.66; 82334.74
bng; 396; 624934.56; 555672.7; 104433.55
bnh; 960; 742967.06; 237329.74; 14663.31
bni; 777; 438863.59; 57686.37; 189576.85
bnj; 602; 316409.5; 608414.9; 45393.08
bnk; 457; 773384.49; 232391.45; 248017.29
bnl; 474; 454020.06; 365127.75; 109474.5
bnm; 958; 980524.94; 521074.22; 198343.13
bnn; 754; 66531.08; 18545.18; 325758.21
bno; 674; 1029379.77; 778287.25; 324041.99
bnp; 283; 483214.69; 112742.21; 49369.06
bnq; 683; 944354.58; 714143.82; 79448.68
bnr; 804; 312323.53; 698135.69; 20903.69
bns; 40; 885379.36; 745945.66; 123149.87
bnt; 840; 908748.87; 597439.63; 202973.09
bnu; 515; 468759.72; 278956.48; 239922.21
bnv; 368; 497666.78; 659510.45; 301290.41
bnw; 29; 568556.82; 274885.25; 80991.26
bnx; 341; 69532.24; 405012.77; 196482.75
bny; 642; 716110.23; 943991.64; 138725.33
boa; 519; 89172.52; 235070.92; 262480.13
bob; 765; 640429.9; 849108.97; 171263.66
boc; 279; 646591.02; 410978.99; 189539.05
bod; 519; 414555.98; 711148.01; 323146.21
boe; 942; 597655.7; 904213.85; 107074.35
bof; 408; 364641.04; 197296.94; 117482.59
bog; 928; 575279.27; 185124.45; 61026.01
boh; 540; 451222.89; 54507.35; 238149.25
boi; 205; 209822.16; 981010.5; 256184.64
boj; 79; 640092.05; 636939.02; 298016.16
bok; 39; 622765.97; 41943.36; 243265.33
bol; 567; 418538.07; 492645.19; 96862.91
bom; 757; 645244.41; 279707.91; 250734.83
bon; 384; 965507.67; 251476.88; 289931.56
boo; 221; 759541.02; 502777.4; 17110.2
bop; 733; 338324.23; 53765.11; 227170.16
boq; 866; 303720.25; 203165.52; 292398.35
bor; 386; 155064.15; 691398.75; 308107.12
bos; 200; 135511.62; 471296.57; 282136.41
bot; 277; 523088.1; 744578.69; 113641.12
bou; 354; 519330.22; 251511.98; 191664.2
bov; 352; 495364.74; 727671.86; 11090.36
bow; 626; 453421.6; 736979.02; 79792.01
box; 228; 641101.31; 739074.86; 237526.23
boy; 236; 436051.97; 276438.47; 52519.48
103, 272, 735, 600, 724, 840
607, 956, 110, 726, 656, 840, 604, 534, 16, 753
45, 855, 925, 820, 837, 648, 710, 366, 177, 307
61, 51, 538, 890
722, 94, 466, 456, 762, 173, 619, 177
165, 454, 860
452, 863, 933
237, 453, 29
10, 742, 205, 519, 297, 252, 40, 721
48, 214, 441, 569, 448, 81, 885, 622
334, 576, 218, 68, 570, 238
851, 357, 812, 117, 119, 621, 781, 128
301, 949, 866, 298, 933, 802, 504, 911
434, 41, 529, 178, 596
167, 580
22, 116, 757, 346, 585, 945, 222, 702, 223, 641
311, 963, 809, 898, 726, 895, 897, 140, 857, 59
857, 298, 860, 573, 368
993, 478, 12, 383
940, 165, 661, 404, 589, 57, 512
693, 468, 960, 326, 924
556, 478, 56, 200
755, 652, 135, 568, 65, 529, 966, 643, 195
547, 855, 765, 933, 917, 184
639, 138, 44, 703, 416, 157, 239, 846
185, 461, 170, 610, 260
108, 725, 547, 754, 280, 293
280, 20, 996, 765, 330, 42
907, 619, 576
639, 285, 325
