100
100
101
1
it0; 0; 100; 50; 99
it1; 1; 1; .5; 1
it2; 2; 1; .5; 1
it3; 3; 1; .5; 1
it4; 4; 1; .5; 1
it5; 5; 1; .5; 1
it6; 6; 1; .5; 1
it7; 7; 1; .5; 1
it8; 8; 1; .5; 1
it9; 9; 1; .5; 1
it10; 10; 1; .5; 1
it11; 11; 1; .5; 1
it12; 12; 1; .5; 1
it13; 13; 1; .5; 1
it14; 14; 1; .5; 1
it15; 15; 1; .5; 1
it16; 16; 1; .5; 1
it17; 17; 1; .5; 1
it18; 18; 1; .5; 1
it19; 19; 1; .5; 1
it20; 20; 1; .5; 1
it21; 21; 1; .5; 1
it22; 22; 1; .5; 1
it23; 23; 1; .5; 1
it24; 24; 1; .5; 1
it25; 25; 1; .5; 1
it26; 26; 1; .5; 1
it27; 27; 1; .5; 1
it28; 28; 1; .5; 1
it29; 29; 1; .5; 1
it30; 30; 1; .5; 1
it31; 31; 1; .5; 1
it32; 32; 1; .5; 1
it33; 33; 1; .5; 1
it34; 34; 1; .5; 1
it35; 35; 1; .5; 1
it36; 36; 1; .5; 1
it37; 37; 1; .5; 1
it38; 38; 1; .5; 1
it39; 39; 1; .5; 1
it40; 40; 1; .5; 1
it41; 41; 1; .5; 1
it42; 42; 1; .5; 1
it43; 43; 1; .5; 1
it44; 44; 1; .5; 1
it45; 45; 1; .5; 1
it46; 46; 1; .5; 1
it47; 47; 1; .5; 1
it48; 48; 1; .5; 1
it49; 49; 1; .5; 1
it50; 50; 1; .5; 1
it51; 51; 1; .5; 1
it52; 52; 1; .5; 1
it53; 53; 1; .5; 1
it54; 54; 1; .5; 1
it55; 55; 1; .5; 1
it56; 56; 1; .5; 1
it57; 57; 1; .5; 1
it58; 58; 1; .5; 1
it59; 59; 1; .5; 1
it60; 60; 1; .5; 1
it61; 61; 1; .5; 1
it62; 62; 1; .5; 1
it63; 63; 1; .5; 1
it64; 64; 1; .5; 1
it65; 65; 1; .5; 1
it66; 66; 1; .5; 1
it67; 67; 1; .5; 1
it68; 68; 1; .5; 1
it69; 69; 1; .5; 1
it70; 70; 1; .5; 1
it71; 71; 1; .5; 1
it72; 72; 1; .5; 1
it73; 73; 1; .5; 1
it74; 74; 1; .5; 1
it75; 75; 1; .5; 1
it76; 76; 1; .5; 1
it77; 77; 1; .5; 1
it78; 78; 1; .5; 1
it79; 79; 1; .5; 1
it80; 80; 1; .5; 1
it81; 81; 1; .5; 1
it82; 82; 1; .5; 1
it83; 83; 1; .5; 1
it84; 84; 1; .5; 1
it85; 85; 1; .5; 1
it86; 86; 1; .5; 1
it87; 87; 1; .5; 1
it88; 88; 1; .5; 1
it89; 89; 1; .5; 1
it90; 90; 1; .5; 1
it91; 91; 1; .5; 1
it92; 92; 1; .5; 1
it93; 93; 1; .5; 1
it94; 94; 1; .5; 1
it95; 95; 1; .5; 1
it96; 96; 1; .5; 1
it97; 97; 1; .5; 1
it98; 98; 1; .5; 1
it99; 99; 1; .5; 1
it100; 100; 1; .5; 1
0, 2, 3, 5, 8, 13, 21, 34, 55, 89




