518.80
43566.25
164
26
1_Androstenediol; 0; 2.03; 150.74; 724.29
1_Androstenedione; 1; 3.77; 178.04; 17.35
Bolandiol; 2; 2.48; 860.10; 518.28
Bolasterone; 3; 9.59; 835.53; 944.14
Boldenone; 4; 2.56; 778.93; 332.18
Boldione; 5; 7.17; 368.92; 440.75
Calusterone; 6; 3.99; 682.89; 750.16
Clostebol; 7; 8.69; 690.87; 140.98
Danazol; 8; 1.62; 804.33; 633.63
Dehydrochlormethyltestosterone; 9; 8.23; 996.05; 337.81
Desoxymethyltestosterone; 10; 2.72; 710.95; 469.78
Drostanolone; 11; 8.26; 386.92; 319.11
Ethylestrenol; 12; 4.78; 408.87; 674.60
Fluoxymesterone; 13; 2.75; 965.26; 244.41
Formebolone; 14; 5.51; 86.11; 605.60
Furazabol; 15; 8.86; 49.51; 740.58
Gestrinone; 16; 4.01; 41.76; 867.63
4_Hydroxytestosterone; 17; 6.82; 469.08; 823.46
Mestanolone; 18; 3.74; 509.01; 931.03
Mesterolone; 19; 5.04; 774.49; 557.47
Metenolone; 20; 7.32; 911.85; 449.77
Methandienone; 21; 7.78; 575.29; 601.05
Methandriol; 22; 7.24; 791.65; 330.73
Methasterone; 23; 8.74; 308.88; 847.35
Methyldienolone; 24; 8.93; 854.29; 828.94
Methyl_1_testosterone; 25; 1.33; 604.46; 125.59
Methylnortestosterone; 26; 3.76; 84.67; 57.68
Methyltestosterone; 27; 9.37; 466.29; 667.34
Metribolone; 28; 9.58; 655.47; 596.43
Mibolerone; 29; 5.39; 755.44; 253.29
Nandrolone; 30; 2.98; 579.27; 668.47
19_Norandrostenedione; 31; 2.65; 225.54; 19.25
Norboletone; 32; 4.69; 713.13; 996.99
Norclostebol; 33; 4.34; 136.05; 690.38
Norethandrolone; 34; 2.94; 942.27; 516.22
Oxabolone; 35; 5.77; 719.84; 517.38
Oxandrolone; 36; 3.82; 802.61; 394.09
Oxymesterone; 37; 9.38; 137.04; 490.20
Oxymetholone; 38; 4.30; 495.55; 640.74
Prostanozol; 39; 5.89; 102.80; 525.64
Quinbolone; 40; 5.43; 402.28; 594.31
Stanozolol; 41; 7.78; 521.36; 308.97
Stenbolone; 42; 1.96; 692.31; 586.16
1_Testosterone; 43; 7.56; 207.42; 465.94
Tetrahydrogestrinone; 44; 6.72; 486.02; 238.89
Trenbolone; 45; 9.80; 921.66; 92.62
Androstenediol; 46; 6.53; 316.03; 233.30
Androstenedione; 47; 7.44; 916.15; 631.59
Dihydrotestosterone; 48; 2.11; 428.58; 366.05
Prasterone; 49; 6.72; 209.31; 200.03
Testosterone; 50; 3.67; 423.95; 153.57
Clenbuterol; 51; 7.83; 402.18; 942.05
Selective_androgen_receptor_mods; 52; 6.48; 705.50; 405.63
Tibolone; 53; 8.81; 576.06; 182.95
Zeranol; 54; 8.65; 666.71; 501.79
Zilpaterol; 55; 8.63; 427.60; 892.97
Adrafinil; 56; 4.67; 294.29; 478.76
Adrenaline; 57; 2.54; 138.15; 647.00
Amfepramone; 58; 8.96; 808.71; 603.62
Amiphenazole; 59; 8.19; 945.82; 264.69
Amphetamine; 60; 6.26; 390.48; 558.60
Amphetaminil; 61; 1.66; 356.62; 361.14
Armodafinil; 62; 1.47; 526.57; 492.02
Benfluorex; 63; 8.38; 310.20; 845.63
Benzphetamine; 64; 1.93; 605.28; 66.45
Benzylpiperazine; 65; 2.74; 80.75; 230.18
Bromantane; 66; 5.07; 742.32; 65.35
Cathine; 67; 4.36; 152.66; 82.15
Clobenzorex; 68; 3.14; 85.92; 704.01
Cocaine; 69; 1.56; 349.46; 199.10
Cropropamide; 70; 2.24; 653.30; 851.91
Crotetamide; 71; 9.58; 137.08; 675.61
Cyclazodone; 72; 9.34; 953.05; 275.23
Dimethylamphetamine; 73; 9.74; 487.48; 946.35
Ephedrine; 74; 4.81; 882.98; 771.85
Etamivan; 75; 9.40; 605.62; 851.92
Etilamphetamine; 76; 8.92; 305.07; 902.67
Etilefrine; 77; 4.03; 935.61; 696.98
Famprofazone; 78; 9.71; 274.58; 668.62
Fenbutrazate; 79; 4.48; 511.32; 204.17
Fencamfamin; 80; 3.75; 331.83; 101.52
Fencamine; 81; 3.39; 282.67; 606.43
Fenetylline; 82; 4.33; 613.42; 637.73
Fenfluramine; 83; 1.59; 772.84; 671.45
Fenproporex; 84; 7.77; 687.16; 775.86
Furfenorex; 85; 3.84; 857.29; 149.64
Heptaminol; 86; 3.20; 69.79; 653.32
Isometheptene; 87; 9.02; 423.64; 193.94
Levmethamfetamine; 88; 4.05; 312.97; 872.53
Meclofenoxate; 89; 9.71; 263.40; 442.03
Mefenorex; 90; 5.35; 123.80; 215.86
Mephentermine; 91; 9.39; 879.06; 222.59
Mesocarb; 92; 3.37; 992.32; 132.74
Methamphetamine; 93; 5.79; 449.63; 468.83
4_Methylamphetamine; 94; 7.43; 387.29; 903.33
Methylenedioxyamphetamine; 95; 2.90; 971.21; 878.86
Methylenedioxymethamphetamine; 96; 9.80; 723.38; 556.53
Methylephedrine; 97; 4.26; 501.04; 235.53
Methylphenidate; 98; 5.60; 552.65; 139.16
Modafinil; 99; 6.34; 800.93; 244.02
Nikethamide; 100; 6.78; 394.95; 317.64
Norfenefrine; 101; 7.96; 405.44; 880.58
Norfenfluramine; 102; 3.14; 615.70; 910.14
Octopamine; 103; 5.43; 41.97; 46.48
Ortetamine; 104; 6.00; 421.09; 864.86
Oxilofrine; 105; 5.88; 342.87; 89.04
Parahydroxyamphetamine; 106; 2.58; 129.87; 882.22
Pemoline; 107; 4.79; 432.42; 64.56
Pentetrazol; 108; 6.68; 597.69; 620.90
Phendimetrazine; 109; 3.12; 242.23; 713.27
Phenmetrazine; 110; 4.70; 816.82; 335.81
Phentermine; 111; 5.21; 868.50; 336.09
4_Phenylpiracetam_carphedon; 112; 1.70; 605.67; 239.66
Prenylamine; 113; 1.21; 932.99; 641.00
Prolintane; 114; 8.91; 795.15; 496.64
Propylhexedrine; 115; 3.38; 627.29; 516.35
Selegiline; 116; 7.12; 266.65; 869.80
Sibutramine; 117; 7.32; 921.55; 670.34
Strychnine; 118; 9.77; 348.31; 894.27
Tuaminoheptane; 119; 5.75; 649.74; 475.94
Buprenorphine; 120; 8.71; 98.64; 903.09
Dextromoramide; 121; 4.98; 2.92; 526.36
Diamorphine; 122; 7.47; 331.72; 444.26
Fentanyl; 123; 4.42; 62.17; 59.41
Methadone; 124; 3.63; 211.43; 972.79
Morphine; 125; 4.04; 637.58; 260.02
Oxycodone; 126; 4.13; 870.76; 354.29
Oxymorphone; 127; 7.61; 945.96; 528.69
Pentazocine; 128; 6.07; 648.06; 458.58
Pethidine; 129; 6.35; 725.15; 737.65
Acetazolamide; 130; 7.54; 398.72; 345.85
Amiloride; 131; 2.02; 473.09; 810.35
Bendroflumethiazide; 132; 3.14; 109.08; 822.26
Bumetanide; 133; 3.44; 513.90; 956.71
Canrenone; 134; 6.00; 705.12; 313.17
Chlorthalidone; 135; 9.92; 234.20; 204.15
Chlorothiazide; 136; 9.88; 360.25; 946.94
Etacrynic_acid; 137; 9.95; 163.22; 434.74
Furosemide; 138; 5.60; 363.20; 638.65
Hydrochlorothiazide; 139; 5.77; 472.76; 220.56
Indapamide; 140; 3.27; 582.10; 497.98
Metolazone; 141; 4.99; 590.52; 859.03
Spironolactone; 142; 4.07; 225.84; 131.74
Triamterene; 143; 9.13; 566.80; 508.76
Acebutolol; 144; 4.44; 340.36; 716.03
Alprenolol; 145; 5.29; 84.22; 239.91
Atenolol; 146; 2.77; 519.52; 174.60
Betaxolol; 147; 5.50; 838.33; 971.99
Bisoprolol; 148; 1.02; 981.96; 958.28
Bunolol; 149; 4.33; 426.15; 709.32
Carteolol; 150; 5.67; 81.80; 935.65
Carvedilol; 151; 9.04; 239.64; 963.84
Celiprolol; 152; 3.19; 574.03; 296.50
Esmolol; 153; 8.16; 74.53; 775.82
Labetalol; 154; 7.78; 750.57; 861.28
Levobunolol; 155; 6.93; 810.92; 339.45
Metipranolol; 156; 6.78; 518.80; 476.10
Metoprolol; 157; 2.77; 153.35; 257.94
Nadolol; 158; 8.73; 34.27; 207.04
Oxprenolol; 159; 2.74; 377.04; 589.67
Pindolol; 160; 8.12; 778.33; 395.71
Propranolol; 161; 4.28; 859.30; 335.56
Sotalol; 162; 2.54; 742.97; 559.07
Timolo; 163; 5.57; 599.00; 219.67
1, 4, 10, 14, 15, 17, 19, 20, 21, 23, 24, 26, 27, 28, 29, 30, 33, 37, 38, 42, 43, 44, 47, 48, 49, 50, 51, 57, 59, 61, 68, 73, 76, 77, 78, 79, 81
3, 19, 21, 24, 31, 33, 35, 46, 52, 53, 54, 55, 57, 60, 61, 64, 66, 69, 70, 71, 80
1, 2, 3, 4, 6, 10, 18, 20, 22, 23, 26, 29, 31, 32, 33, 37, 38, 44, 49, 50, 51, 53, 54, 55, 57, 58, 59, 60, 61, 62, 63, 65, 70, 71, 75, 79, 81
1, 2, 3, 4, 5, 7, 8, 11, 12, 14, 15, 16, 18, 19, 20, 21, 23, 25, 28, 29, 31, 35, 36, 37, 40, 41, 42, 45, 47, 48, 51, 54, 56, 61, 62, 63, 64, 66, 69, 70, 73, 74, 75, 76, 77, 78, 79, 81, 82
1, 3, 6, 7, 9, 10, 11, 12, 13, 14, 15, 16, 17, 19, 20, 21, 22, 23, 24, 25, 28, 30, 31, 32, 33, 34, 35, 38, 39, 40, 41, 42, 43, 45, 47, 48, 50, 51, 52, 53, 54, 56, 57, 58, 59, 60, 61, 62, 64, 66, 67, 69, 71, 72, 73, 74, 78, 79, 80, 81, 82, 83
4, 5, 7, 8, 9, 10, 12, 14, 15, 16, 17, 19, 20, 22, 23, 24, 27, 29, 31, 32, 34, 36, 37, 39, 40, 43, 45, 47, 48, 49, 51, 52, 54, 59, 62, 66, 68, 72, 73, 75, 76, 78, 80, 81, 82, 83
3, 7, 8, 12, 14, 16, 17, 18, 19, 23, 30, 32, 33, 37, 38, 39, 40, 43, 44, 46, 47, 48, 49, 52, 53, 54, 57, 59, 65, 66, 67, 69, 74, 75, 76, 79, 81
1, 2, 4, 5, 6, 7, 8, 9, 10, 11, 12, 13, 14, 15, 16, 17, 19, 20, 21, 23, 24, 25, 26, 27, 28, 29, 30, 31, 32, 33, 34, 35, 36, 37, 38, 39, 40, 41, 42, 43, 45, 46, 47, 48, 49, 50, 51, 52, 53, 54, 55, 56, 57, 58, 59, 61, 62, 63, 65, 66, 67, 70, 71, 72, 73, 74, 75, 76, 77, 78, 79, 80, 81, 82, 84
1, 2, 3, 4, 7, 8, 9, 10, 11, 12, 13, 14, 15, 16, 17, 18, 19, 20, 21, 22, 24, 25, 28, 29, 31, 33, 34, 35, 37, 40, 41, 43, 44, 47, 49, 50, 51, 52, 54, 55, 56, 57, 58, 59, 60, 61, 62, 63, 64, 65, 66, 67, 68, 70, 71, 72, 74, 75, 76, 78, 79, 80, 81, 82, 83, 84
2, 4, 6, 7, 8, 9, 10, 12, 13, 14, 15, 19, 20, 21, 25, 26, 28, 32, 33, 34, 35, 36, 38, 39, 40, 44, 45, 49, 51, 52, 54, 55, 56, 57, 62, 64, 65, 66, 68, 72, 73, 74, 76, 77, 78, 79, 80, 82, 83, 85
1, 4, 9, 10, 11, 13, 15, 18, 22, 26, 28, 30, 31, 34, 35, 40, 41, 42, 43, 45, 48, 53, 57, 58, 59, 60, 62, 64, 67, 70, 72, 73, 74, 75, 76, 77, 78, 79, 81, 86
1, 2, 3, 5, 6, 7, 8, 9, 10, 12, 13, 14, 15, 16, 17, 18, 19, 21, 24, 25, 26, 27, 30, 31, 32, 33, 34, 36, 37, 38, 39, 41, 42, 43, 44, 48, 49, 50, 51, 52, 53, 55, 56, 57, 58, 59, 60, 62, 63, 64, 65, 66, 68, 70, 71, 72, 74, 75, 76, 80, 81, 82, 83, 84, 85, 86
1, 3, 5, 7, 10, 11, 14, 16, 17, 18, 26, 28, 32, 35, 37, 46, 47, 53, 56, 59, 62, 63, 67, 68, 69, 70, 75, 76, 77, 78, 79, 85
1, 2, 4, 5, 6, 7, 8, 11, 12, 16, 17, 18, 20, 21, 24, 28, 31, 32, 33, 34, 35, 36, 38, 41, 42, 43, 44, 47, 50, 51, 52, 53, 54, 55, 56, 57, 58, 59, 60, 61, 62, 63, 64, 65, 66, 67, 68, 73, 77, 78, 81, 82, 83, 84, 85, 86, 87
1, 3, 4, 5, 6, 7, 8, 10, 11, 12, 13, 14, 15, 16, 17, 18, 19, 20, 21, 22, 23, 24, 25, 26, 27, 28, 29, 30, 31, 32, 33, 34, 35, 36, 37, 38, 39, 40, 42, 43, 44, 45, 46, 47, 49, 50, 51, 52, 53, 55, 56, 57, 58, 59, 60, 61, 63, 64, 65, 67, 68, 69, 70, 71, 72, 73, 74, 75, 76, 78, 79, 80, 81, 82, 84, 85, 86, 87, 88
1, 2, 3, 4, 8, 9, 10, 11, 12, 14, 16, 17, 18, 19, 21, 22, 23, 24, 25, 27, 28, 32, 33, 34, 35, 37, 38, 39, 40, 41, 43, 45, 46, 47, 48, 49, 50, 52, 54, 55, 57, 58, 60, 61, 62, 63, 65, 68, 69, 70, 71, 73, 75, 76, 77, 78, 80, 81, 82, 83, 87, 88
3, 4, 5, 7, 8, 9, 10, 11, 13, 15, 16, 17, 18, 19, 21, 22, 23, 24, 25, 26, 27, 28, 29, 30, 31, 32, 33, 34, 35, 36, 37, 38, 40, 41, 42, 43, 44, 46, 47, 48, 49, 50, 51, 52, 53, 54, 55, 57, 58, 59, 60, 61, 62, 63, 64, 65, 66, 67, 68, 69, 70, 71, 72, 73, 74, 75, 77, 78, 80, 82, 83, 84, 86, 87, 88, 89
2, 4, 5, 9, 10, 18, 19, 20, 21, 22, 24, 27, 30, 32, 33, 34, 39, 42, 43, 47, 51, 52, 55, 56, 61, 63, 64, 66, 69, 70, 71, 74, 76, 78, 80, 83, 85, 86
6, 7, 12, 17, 18, 22, 28, 32, 42, 46, 49, 51, 56, 57, 59, 61, 63, 65, 69, 74, 75, 76, 78
25, 83
3, 5, 8, 9, 11, 12, 15, 17, 18, 19, 21, 24, 25, 35, 37, 38, 39, 40, 42, 45, 46, 47, 49, 50, 55, 56, 59, 61, 63, 66, 67, 68, 69, 70, 71, 72, 73, 77, 79, 82, 85, 90, 91
70, 44, 46
1, 2, 4, 5, 7, 9, 10, 11, 14, 16, 17, 18, 25, 26, 27, 29, 30, 31, 32, 33, 35, 38, 39, 42, 43, 45, 46, 47, 50, 51, 52, 54, 56, 60, 61, 63, 64, 65, 67, 68, 70, 71, 72, 73, 74, 76, 77, 78, 79, 80, 81, 82, 84, 86, 87, 89, 90, 91, 92
1, 3, 4, 6, 7, 8, 9, 10, 11, 12, 13, 14, 15, 16, 19, 20, 21, 22, 23, 24, 25, 26, 27, 28, 29, 30, 32, 33, 34, 35, 36, 37, 39, 41, 42, 43, 44, 46, 47, 48, 50, 52, 53, 54, 55, 57, 58, 59, 60, 61, 62, 64, 66, 67, 68, 70, 71, 73, 75, 76, 78, 79, 80, 81, 82, 83, 84, 85, 86, 87, 88, 89, 90, 91, 92
1, 2, 3, 4, 5, 6, 7, 8, 10, 11, 12, 14, 15, 17, 18, 19, 20, 21, 23, 24, 25, 27, 28, 29, 30, 31, 33, 34, 36, 37, 38, 39, 40, 41, 42, 43, 44, 46, 47, 50, 51, 52, 53, 55, 57, 58, 59, 60, 61, 62, 64, 66, 68, 69, 70, 72, 73, 74, 75, 78, 79, 80, 81, 82, 84, 85, 87, 89, 91
1, 11, 12, 13, 14, 16, 18, 19, 25, 26, 28, 33, 35, 37, 38, 39, 40, 42, 43, 44, 47, 50, 56, 59, 61, 62, 68, 71, 72, 74, 75, 79, 80, 81, 84, 86, 87