10900
545000
545
4
1; 0; 10; 840; 980
2; 0; 10; 532; 472
3; 0; 20; 84; 98
4; 0; 11.2; 532; 472
5; 0; 12.3; 665; 590
6; 1; 10.5; 336; 392
7; 1; 13; 399; 354
8; 1; 14; 1064; 944
9; 0; 14; 588; 686
10; 0; 13.5; 1197; 1062
11; 1; 12.3; 672; 784
12; 0; 11; 532; 472
13; 0; 12; 266; 236
14; 1; 13; 1064; 944
15; 0; 15; 336; 392
16; 1; 13; 840; 980
17; 0; 12.3; 1330; 1180
18; 1; 11; 1064; 944
19; 0; 13; 665; 590
20; 1; 13; 532; 472
21; 0; 12; 504; 588
22; 0; 11; 1064; 944
23; 0; 12.5; 665; 590
24; 0; 13.3; 84; 98
25; 1; 11.5; 756; 882
26; 2; 13; 1197; 1062
27; 2; 14; 1064; 944
28; 2; 11; 170; 196
29; 2; 13.5; 420; 490
30; 2; 13.3; 170; 196
31; 2; 11.5; 420; 490
32; 2; 14.5; 798; 708
33; 2; 13.4; 665; 590
34; 2; 15.3; 588; 686
35; 2; 11.5; 252; 294
36; 2; 15; 532; 472
37; 2; 16; 420; 490
38; 2; 10; 532; 472
39; 2; 10; 588; 686
40; 2; 14; 665; 590
41; 2; 15; 504; 588
42; 3; 14; 840; 980
43; 3; 12; 252; 294
44; 3; 15; 133; 118
45; 3; 12.5; 931; 826
46; 3; 14; 504; 588
47; 3; 15; 665; 590
48; 3; 10; 931; 826
49; 3; 11; 84; 98
50; 3; 12.5; 399; 354
51; 3; 11.5; 588; 686
52; 3; 15; 931; 826
53; 3; 13.3; 1197; 1062
54; 3; 12.4; 665; 590
55; 3; 11.4; 266; 236
56; 3; 12; 672; 784
57; 3; 14.3; 532; 472
58; 3; 12.3; 532; 472
59; 3; 12.4; 756; 882
60; 3; 14.5; 133; 118
61; 3; 12.3; 798; 708
62; 3; 12; 1330; 1180
63; 3; 14.4; 756; 882
64; 3; 13.4; 399; 354
65; 3; 14.5; 665; 590
66; 3; 12.4; 252; 294
67; 3; 14; 798; 708
68; 3; 14; 798; 708
69; 3; 12.4; 931; 826
70; 3; 1; 665; 590
71; 3; 5; 420; 490
72; 3; 4; 756; 882
73; 3; 15.4; 504; 588
74; 3; 15; 665; 590
75; 3; 15; 504; 588
76; 3; 12.3; 420; 490
77; 3; 16; 756; 882
78; 3; 14; 665; 590
79; 3; 2; 399; 354
80; 3; 15; 588; 686
81; 3; 12; 504; 588
82; 3; 11; 399; 354
83; 3; 1; 399; 354
84; 3; 15; 532; 472
85; 3; 13.5; 840; 980
86; 3; 15; 672; 784
87; 3; 14; 588; 686
88; 3; 11; 336; 392
89; 3; 12; 266; 236
90; 3; 14; 252; 294
91; 3; 12; 1064; 944
92; 3; 14; 1064; 944
93; 3; 15; 336; 392
94; 3; 16; 399; 354
95; 3; 20; 504; 588
96; 3; 14; 504; 588
97; 3; 15; 420; 490
98; 3; 14; 756; 882
99; 3; 15; 588; 686
100; 3; 12; 588; 686
101; 4; 13; 532; 472
102; 4; 15; 672; 784
103; 4; 13; 1330; 1180
104; 4; 13.5; 252; 294
105; 4; 15.5; 170; 196
106; 4; 15.6; 588; 686
107; 4; 12.5; 266; 236
108; 4; 13.4; 336; 392
109; 4; 12.6; 665; 590
110; 4; 14.5; 420; 490
111; 4; 12.6; 1064; 944
112; 4; 13.4; 756; 882
113; 4; 11; 1197; 1062
114; 4; 1; 133; 118
115; 4; 14; 170; 196
116; 4; 12; 1197; 1062
117; 4; 12; 756; 882
118; 4; 11; 1330; 1180
119; 4; 13.3; 252; 294
120; 4; 12; 133; 118
121; 4; 15.6; 665; 590
122; 4; 12.4; 756; 882
123; 4; 12; 266; 236
124; 4; 2; 665; 590
125; 4; 17; 840; 980
126; 4; 15; 672; 784
127; 4; 16; 266; 236
128; 4; 15; 798; 708
129; 4; 13.3; 532; 472
130; 4; 14; 672; 784
131; 4; 14.4; 170; 196
132; 4; 15.4; 931; 826
133; 4; 14.5; 336; 392
134; 4; 1; 665; 590
135; 4; 13; 672; 784
136; 4; 13; 252; 294
137; 4; 15; 133; 118
138; 4; 1; 133; 118
139; 4; 12; 1197; 1062
140; 4; 15; 840; 980
141; 4; 15; 756; 882
142; 4; 12; 798; 708
143; 4; 1; 931; 826
144; 4; 15.6; 672; 784
145; 4; 1; 266; 236
146; 4; 13; 1064; 944
147; 4; 12; 84; 98
148; 4; 12; 504; 588
149; 4; 12; 399; 354
150; 4; 15; 1197; 1062
151; 4; 15; 336; 392
152; 4; 12; 420; 490
153; 4; 15; 266; 236
154; 4; 1; 399; 354
155; 4; 14; 336; 392
156; 4; 12; 840; 980
157; 4; 14; 756; 882
158; 4; 13.4; 665; 590
159; 4; 14; 84; 98
160; 4; 13; 588; 686
161; 4; 13.5; 336; 392
162; 4; 13; 1064; 944
163; 4; 13; 1064; 944
164; 4; 15; 672; 784
165; 4; 15; 133; 118
166; 4; 13; 133; 118
167; 4; 12.3; 672; 784
168; 4; 15; 504; 588
169; 4; 13; 588; 686
170; 4; 13; 532; 472
171; 4; 15; 336; 392
172; 4; 14; 756; 882
173; 4; 13; 588; 686
174; 4; 13.2; 399; 354
175; 4; 13.2; 336; 392
176; 4; 13.2; 170; 196
177; 4; 15; 266; 236
178; 4; 12.3; 756; 882
179; 4; 13.4; 931; 826
180; 4; 13.4; 252; 294
181; 4; 13.5; 170; 196
182; 4; 12; 133; 118
183; 4; 13; 84; 98
184; 4; 15; 336; 392
185; 4; 13.4; 133; 118
186; 4; 1; 1197; 1062
187; 4; 13.2; 84; 98
188; 5; 14; 252; 294
189; 5; 13; 756; 882
190; 5; 13.4; 931; 826
191; 5; 13.4; 84; 98
192; 5; 13; 399; 354
193; 5; 12.4; 665; 590
194; 5; 13.4; 1064; 944
195; 5; 13.5; 588; 686
196; 5; 12; 756; 882
197; 5; 1; 1197; 1062
198; 5; 13; 672; 784
199; 5; 1; 931; 826
200; 5; 15; 588; 686
201; 5; 15; 840; 980
202; 5; 14; 399; 354
203; 5; 13; 756; 882
204; 5; 12; 756; 882
205; 5; 15; 420; 490
206; 5; 13; 1064; 944
207; 5; 15; 798; 708
208; 5; 13; 1330; 1180
209; 5; 13; 532; 472
210; 5; 13; 420; 490
211; 5; 15; 931; 826
212; 5; 13; 588; 686
213; 5; 13.4; 672; 784
214; 5; 13.4; 170; 196
215; 5; 12; 504; 588
216; 5; 11.5; 252; 294
217; 5; 11.5; 840; 980
218; 5; 11.5; 672; 784
219; 5; 16; 266; 236
220; 5; 14; 133; 118
221; 5; 16; 266; 236
222; 5; 13; 672; 784
223; 5; 13; 170; 196
224; 5; 16; 84; 98
225; 5; 15; 1064; 944
226; 5; 15.5; 84; 98
227; 5; 14; 532; 472
228; 5; 13; 532; 472
229; 5; 13.6; 84; 98
230; 5; 13.5; 170; 196
231; 5; 13.6; 84; 98
232; 5; 13; 665; 590
233; 5; 13; 399; 354
234; 5; 12; 532; 472
235; 5; 14; 665; 590
236; 5; 13; 420; 490
237; 5; 13; 588; 686
238; 5; 13; 399; 354
239; 5; 14; 133; 118
240; 5; 13.4; 399; 354
241; 5; 13.4; 1197; 1062
242; 5; 13; 504; 588
243; 5; 13; 756; 882
244; 5; 16; 840; 980
245; 5; 13; 420; 490
246; 5; 15; 1330; 1180
247; 5; 15; 798; 708
248; 5; 15; 1330; 1180
249; 5; 13; 336; 392
250; 5; 16.5; 84; 98
251; 5; 14.5; 798; 708
252; 5; 11.5; 665; 590
253; 5; 13.4; 756; 882
254; 5; 16.4; 170; 196
255; 5; 13.7; 840; 980
256; 5; 14.6; 931; 826
257; 5; 12.5; 1197; 1062
258; 5; 12.3; 1064; 944
259; 5; 13.6; 672; 784
260; 5; 14.8; 399; 354
261; 5; 12.7; 931; 826
262; 5; 16.9; 1330; 1180
263; 5; 11.9; 1197; 1062
264; 5; 1; 1330; 1180
265; 5; 11.9; 170; 196
266; 5; 1; 1064; 944
267; 5; 1; 133; 118
268; 5; 13.7; 252; 294
269; 5; 12.6; 665; 590
270; 5; 1; 1330; 1180
271; 5; 11.3; 133; 118
272; 5; 1; 1330; 1180
273; 5; 14.5; 672; 784
274; 5; 12; 399; 354
275; 5; 15.6; 588; 686
276; 5; 17.8; 266; 236
277; 5; 12.5; 931; 826
278; 5; 12.6; 266; 236
279; 5; 12; 588; 686
280; 5; 14.4; 84; 98
281; 5; 13.5; 532; 472
282; 5; 12.6; 504; 588
283; 5; 14.5; 266; 236
284; 5; 12.6; 840; 980
285; 5; 16.7; 133; 118
286; 5; 16.7; 84; 98
287; 5; 14.6; 133; 118
288; 5; 14.3; 133; 118
289; 5; 14.2; 672; 784
290; 5; 12.4; 266; 236
291; 5; 16.4; 1330; 1180
292; 5; 13.6; 931; 826
293; 5; 14.9; 931; 826
294; 5; 14.9; 336; 392
295; 5; 13.3; 420; 490
296; 5; 12.4; 532; 472
297; 5; 12.4; 756; 882
298; 5; 16.7; 84; 98
299; 5; 13; 336; 392
300; 5; 12; 420; 490
301; 5; 12; 170; 196
302; 5; 12; 840; 980
303; 6; 14; 170; 196
304; 6; 13.4; 798; 708
305; 6; 14.2; 399; 354
306; 6; 13.4; 931; 826
307; 6; 12.5; 170; 196
308; 6; 14.5; 1330; 1180
309; 6; 12.5; 1064; 944
310; 6; 12.3; 1064; 944
311; 6; 12.4; 1064; 944
312; 6; 15.4; 252; 294
313; 6; 13; 504; 588
314; 6; 14.9; 266; 236
315; 6; 15; 266; 236
316; 6; 15; 756; 882
317; 6; 12; 266; 236
318; 6; 13.5; 252; 294
319; 6; 14.4; 336; 392
320; 6; 13.4; 756; 882
321; 6; 13.5; 1064; 944
322; 6; 13.5; 931; 826
323; 6; 12.5; 1197; 1062
324; 6; 14.5; 1064; 944
325; 6; 12.4; 252; 294
326; 6; 13.6; 84; 98
327; 6; 13.4; 84; 98
328; 6; 13.5; 756; 882
329; 6; 13.6; 665; 590
330; 6; 12.4; 399; 354
331; 6; 12.8; 133; 118
332; 6; 12.9; 336; 392
333; 6; 15.6; 399; 354
334; 6; 12.4; 399; 354
335; 6; 13.7; 252; 294
336; 6; 12.6; 756; 882
337; 6; 13.5; 672; 784
338; 6; 14.5; 1197; 1062
339; 6; 13.6; 665; 590
340; 6; 13.6; 504; 588
341; 6; 13.5; 931; 826
342; 6; 13.6; 420; 490
343; 6; 13.5; 798; 708
344; 6; 13.7; 84; 98
345; 6; 14.5; 1064; 944
346; 6; 14.7; 931; 826
347; 6; 14.8; 399; 354
348; 6; 13.8; 1330; 1180
349; 6; 12.5; 1197; 1062
350; 6; 14.6; 1197; 1062
351; 6; 12.6; 588; 686
352; 6; 12.5; 756; 882
353; 6; 12.7; 1330; 1180
354; 6; 12.4; 532; 472
355; 6; 15.7; 840; 980
356; 6; 12.7; 672; 784
357; 6; 13.5; 266; 236
358; 6; 12.6; 532; 472
359; 6; 13.6; 756; 882
360; 6; 15.7; 1064; 944
361; 6; 15.8; 1197; 1062
362; 6; 13.5; 1330; 1180
363; 6; 15.8; 252; 294
364; 6; 16.7; 504; 588
365; 6; 13.7; 665; 590
366; 6; 14.7; 504; 588
367; 6; 13.9; 504; 588
368; 6; 13.6; 665; 590
369; 6; 12.7; 252; 294
370; 6; 14.9; 840; 980
371; 6; 13.5; 98; 708
372; 6; 12.6; 588; 686
373; 6; 14.7; 84; 98
374; 6; 12.5; 170; 196
375; 6; 15.6; 133; 118
376; 6; 12.7; 133; 118
377; 6; 12.6; 504; 588
378; 6; 14.5; 756; 882
379; 6; 13.8; 665; 590
380; 6; 13.9; 931; 826
381; 6; 12.6; 133; 118
382; 6; 12.7; 133; 118
383; 6; 14; 84; 98
384; 6; 13; 252; 294
385; 6; 17; 1330; 1180
386; 6; 13; 798; 708
387; 6; 13; 672; 784
388; 6; 13; 170; 196
389; 6; 12; 931; 826
390; 6; 12; 532; 472
391; 6; 14; 588; 686
392; 6; 12; 931; 826
393; 6; 15; 252; 294
394; 6; 13; 170; 196
395; 6; 12; 931; 826
396; 6; 12; 252; 294
397; 6; 15; 266; 236
398; 6; 13; 532; 472
399; 6; 13; 1064; 944
400; 6; 13; 931; 826
401; 6; 12; 170; 196
402; 6; 11; 840; 980
403; 6; 12; 1064; 944
404; 6; 16; 665; 590
405; 6; 14; 756; 882
406; 6; 13; 840; 980
407; 6; 13; 252; 294
408; 6; 12; 1064; 944
409; 6; 14; 665; 590
410; 6; 12; 252; 294
411; 6; 12; 931; 826
412; 6; 12; 504; 588
413; 6; 12; 336; 392
414; 6; 13; 756; 882
415; 6; 13; 504; 588
416; 6; 12; 399; 354
417; 6; 14; 170; 196
418; 6; 12; 170; 196
419; 6; 12; 798; 708
420; 6; 12; 1064; 944
421; 6; 13; 252; 294
422; 6; 17; 798; 708
423; 6; 14; 756; 882
424; 6; 15.5; 532; 472
425; 6; 15.5; 84; 98
426; 6; 13; 840; 980
427; 6; 13; 798; 708
428; 6; 12; 504; 588
429; 6; 16; 1064; 944
430; 6; 13; 399; 354
431; 6; 12; 266; 236
432; 6; 12; 798; 708
433; 6; 15; 798; 708
434; 6; 12; 266; 236
435; 6; 15; 84; 98
436; 6; 13; 532; 472
437; 6; 13; 399; 354
438; 6; 13; 504; 588
439; 6; 13; 1064; 944
440; 6; 13; 665; 590
441; 6; 12; 1330; 1180
442; 6; 17; 1064; 944
443; 6; 15; 588; 686
444; 6; 12; 420; 490
445; 6; 14; 1197; 1062
446; 6; 12; 1197; 1062
447; 6; 13; 665; 590
448; 6; 13; 420; 490
449; 6; 1; 1197; 1062
450; 6; 13; 399; 354
451; 6; 13; 665; 590
452; 6; 12; 798; 708
453; 6; 14; 798; 708
454; 6; 13; 672; 784
455; 6; 13.3; 588; 686
456; 6; 15.4; 672; 784
457; 6; 13.7; 756; 882
458; 6; 12.4; 672; 784
459; 7; 13; 756; 882
460; 7; 13; 672; 784
461; 7; 14; 504; 588
462; 7; 15; 84; 98
463; 7; 12; 840; 980
464; 7; 14; 252; 294
465; 7; 13.5; 1197; 1062
466; 7; 15.5; 420; 490
467; 7; 13.4; 420; 490
468; 7; 13.5; 672; 784
469; 7; 12; 588; 686
470; 7; 11; 504; 588
471; 7; 11.5; 798; 708
472; 7; 13.5; 931; 826
473; 7; 13.4; 420; 490
474; 7; 13.5; 798; 708
475; 7; 1; 1064; 944
476; 7; 14.5; 532; 472
477; 7; 12.4; 336; 392
478; 7; 12.4; 840; 980
479; 7; 14.5; 840; 980
480; 7; 1; 665; 590
481; 7; 12; 170; 196
482; 7; 1; 1330; 1180
483; 7; 1; 1064; 944
484; 7; 11; 336; 392
485; 7; 1; 1330; 1180
486; 7; 1; 399; 354
487; 7; 13.4; 252; 294
488; 7; 12.4; 532; 472
489; 7; 12.4; 532; 472
490; 7; 1; 133; 118
491; 7; 13.4; 252; 294
492; 7; 13.5; 170; 196
493; 7; 13.4; 798; 708
494; 7; 13.6; 252; 294
495; 7; 13.6; 1197; 1062
496; 7; 13.5; 931; 826
497; 7; 13.5; 252; 294
498; 7; 13.4; 840; 980
499; 7; 23.4; 252; 294
500; 7; 14.6; 252; 294
501; 7; 13.4; 665; 590
502; 7; 12.4; 931; 826
503; 7; 14.5; 84; 98
504; 7; 12.5; 84; 98
505; 7; 12.6; 840; 980
506; 7; 13.5; 399; 354
507; 7; 13.6; 420; 490
508; 7; 15.6; 252; 294
509; 7; 13.5; 756; 882
510; 7; 13.5; 336; 392
511; 7; 11.5; 252; 294
512; 7; 1; 1197; 1062
513; 7; 11.4; 399; 354
514; 7; 11.3; 84; 98
515; 7; 14.5; 532; 472
516; 7; 11.5; 1197; 1062
517; 7; 14.5; 266; 236
518; 7; 12.4; 931; 826
519; 7; 13.5; 252; 294
520; 7; 12; 665; 590
521; 7; 13; 665; 590
522; 7; 12; 170; 196
523; 7; 14.5; 665; 590
524; 7; 13.4; 266; 236
525; 7; 13.5; 252; 294
526; 7; 13.5; 588; 686
527; 7; 13; 336; 392
528; 7; 11.5; 266; 236
529; 7; 11.4; 252; 294
530; 7; 1; 266; 236
531; 7; 11; 532; 472
532; 7; 14; 798; 708
533; 7; 12; 336; 392
534; 7; 15; 84; 98
535; 7; 12; 1197; 1062
536; 7; 15; 84; 98
537; 7; 13; 672; 784
538; 7; 12; 420; 490
539; 7; 14; 756; 882
540; 7; 13; 931; 826
541; 7; 15; 336; 392
542; 7; 14; 672; 784
543; 7; 13; 504; 588
544; 7; 14; 1197; 1062
545; 7; 13; 504; 588
1, 2
2, 4
4, 7
5, 6