158
241
61
89
test0; 10; 25; 64; 56
test1; 35; 66; 70; 12
test2; 5; 98; 208; 80
test3; 46; 11; 220; 64
test4; 26; 87; 62; 61
test5; 25; 66; 149; 56
test6; 59; 76; 63; 75
test7; 12; 64; 111; 67
test8; 17; 10; 232; 20
test9; 33; 47; 12; 42
test10; 56; 23; 97; 3
test11; 6; 118; 6; 66
test12; 53; 152; 141; 3
test13; 21; 6; 191; 60
test14; 37; 110; 157; 12
test15; 31; 157; 34; 75
test16; 21; 12; 215; 70
test17; 1; 111; 30; 43
test18; 34; 17; 230; 17
test19; 52; 56; 96; 59
test20; 55; 98; 223; 15
test21; 40; 65; 30; 50
test22; 30; 75; 204; 45
test23; 42; 21; 151; 81
test24; 21; 131; 132; 18
test25; 25; 18; 22; 4
test26; 7; 151; 85; 3
test27; 25; 59; 210; 1
test28; 36; 93; 138; 77
test29; 9; 65; 158; 49
test30; 9; 9; 6; 42
test31; 17; 29; 93; 15
test32; 11; 37; 95; 7
test33; 37; 92; 17; 41
test34; 17; 12; 126; 67
test35; 3; 88; 121; 45
test36; 45; 46; 231; 26
test37; 28; 3; 111; 5
test38; 48; 108; 148; 31
test39; 14; 114; 184; 14
test40; 57; 41; 73; 29
test41; 43; 63; 163; 35
test42; 16; 36; 190; 65
test43; 33; 107; 80; 41
test44; 59; 141; 238; 64
test45; 51; 40; 25; 73
test46; 56; 119; 162; 28
test47; 16; 95; 238; 82
test48; 6; 128; 200; 20
test49; 12; 87; 170; 62
test50; 23; 9; 77; 48
test51; 53; 117; 124; 64
test52; 55; 24; 118; 46
test53; 60; 53; 122; 62
test54; 46; 104; 137; 16
test55; 38; 89; 107; 33
test56; 31; 72; 108; 10
test57; 55; 105; 149; 13
test58; 24; 146; 204; 33
test59; 19; 105; 128; 7
test60; 35; 69; 192; 25
13, 41, 3, 40, 39, 23, 15, 29, 34, 42, 35, 20, 33, 18, 19, 24, 44, 1, 30, 22, 32, 8, 17, 54, 21, 28, 46, 10, 36, 43, 57, 7, 58, 59, 51, 25, 27, 60, 11, 14, 6, 9, 0, 38, 53, 37, 2, 31, 56, 12, 4, 55, 5, 50, 47, 45, 16, 26, 48
55, 31, 20, 12, 51, 58, 22, 40, 48, 2, 36, 47, 25, 50, 35
37, 24, 59, 25, 40, 16, 50, 38, 35, 55, 8, 9, 6, 4, 31, 27, 17, 21, 49, 56, 29, 34, 33, 13, 60, 10, 15, 57, 44, 14, 19, 28, 41, 32, 11, 48, 51, 7, 22, 54, 5, 42, 0, 26, 2, 39, 18, 3, 20, 58, 1, 36, 47
47, 55, 37, 30, 51, 21, 35, 0, 8, 3, 28, 29, 34, 57, 27, 1, 18, 13, 24, 42
38, 47, 13, 42, 51, 14, 9, 19, 52, 21, 48, 23, 15, 36, 24, 37
32, 17, 23, 6, 16, 47, 22, 44, 57, 10, 33, 0, 31, 41, 3, 42, 60, 7, 28, 35, 36, 59, 34, 27, 1, 50, 40, 29, 45, 54, 13, 43, 8, 55, 19, 21, 14, 11, 53, 58, 24, 37, 52, 2, 51, 30, 5
18, 44, 0, 21, 27, 42, 38, 15, 37, 14, 2, 45, 41, 48, 34, 30, 4, 51, 19, 13, 28, 56, 7, 25, 6
51, 15, 5, 2, 31, 28, 10, 33, 56, 12, 36, 41, 52, 25, 27, 54, 23, 44, 35, 14, 38, 46, 18, 17, 29, 58, 26, 49, 30, 60, 53, 45, 57, 7, 43, 21, 42, 20, 37
8, 9, 22, 59, 33, 19, 12, 21, 7, 24, 54, 14, 39, 15, 53, 31, 20, 6, 38, 17, 27, 56, 2, 11, 26, 16, 28, 32, 55, 25, 48, 52, 0, 50, 43, 41, 60, 5, 35, 58, 13
6, 1, 15, 39, 51, 45, 42, 57, 12, 10
11, 22, 39, 52, 59, 36, 5, 45, 19, 32, 46, 18, 4, 60, 12, 2, 53, 38, 26, 37, 33, 21, 40, 48, 3, 9
9, 36, 50, 24, 13, 29, 53, 2, 54, 23, 4, 27, 30, 25, 46, 8, 7, 39, 21, 33, 15, 35, 48, 42, 3
46, 28, 26, 10, 19, 24, 1, 51, 14, 32, 52, 55, 9, 36, 48, 33, 25, 8, 17, 31, 49, 54, 0, 41, 3, 2, 23, 50, 18, 53
16, 59, 45, 0, 49, 26, 4, 51, 38, 17, 12, 48, 31, 44, 28, 19, 30, 58, 50, 34, 27, 6, 9, 36, 56, 60, 33, 24, 35, 46, 3, 8, 37, 41, 18, 20, 7
53, 28, 60, 22, 52, 27, 13, 6, 1, 29, 57, 50, 25, 48, 8, 46, 55, 39, 37, 51, 26, 7, 17, 4, 35, 49, 21, 59, 20, 5, 41, 43, 19, 45, 24, 33, 56, 47, 12, 58, 32, 54, 11, 38, 2, 3, 40, 9, 31, 23, 10, 16, 15, 14, 44, 0, 36, 18
15, 29, 19, 5, 7, 33, 44, 24, 54, 26, 46, 43, 57, 55, 27, 6, 32, 22, 37, 56, 3, 41, 1, 58, 39, 28, 20, 48, 2, 17, 18, 13, 51, 12, 10, 40, 21
46, 16, 0, 12, 7, 45, 38, 31, 6, 32, 58, 33
32, 39, 42, 60, 48, 10, 16
52, 47
0, 4, 8, 59, 43, 37, 5, 60, 29, 57, 56, 19, 13, 16, 26, 22, 20, 17, 31, 28, 30, 55, 36, 34, 45, 41, 39, 35, 53, 49, 15, 44, 21, 51, 54, 9, 2, 7, 3, 33, 46, 42, 1, 11, 18, 25, 38, 27, 10, 52, 48, 14, 32, 23, 40
3, 14, 58, 17, 12, 11, 42, 21, 49, 29, 60, 45, 37, 50, 34, 52, 32, 25, 53, 56, 16, 0, 15, 38, 51, 28, 33, 46, 10, 43, 22, 7, 31, 54, 55, 24, 20, 48, 40, 5, 23, 44, 4, 57, 47, 27, 30, 26, 35, 59, 6, 19, 18
18, 40, 6, 57, 30, 37, 27, 23, 43, 7, 36, 59, 10, 41, 48, 51, 34, 26, 35, 14, 2, 21, 46, 39, 47, 54, 13, 55, 53, 44, 42, 4, 29, 11, 17, 8, 31
45, 58, 13
9, 54, 13, 48, 25, 43, 41, 40, 56, 44, 55, 59, 11
14, 2, 51, 35, 42, 58, 21, 30, 27, 29, 45, 60, 43, 48, 7, 20, 46, 17, 0, 3, 6, 16, 25, 15, 19, 47, 28, 23, 8, 22, 10, 4, 32, 50, 33
45, 9, 2, 41, 24, 44, 48, 43, 13, 32, 34, 14, 21
0, 3, 58, 38, 34, 59, 36, 49, 31, 41, 28, 9, 37, 53, 47, 2, 42, 18, 33, 57, 30, 6, 60, 40, 27, 17, 50, 56, 22, 16, 20, 35, 52, 24, 26, 45, 19, 44, 7, 54, 55, 29, 11, 32, 8, 5, 25, 48
4, 44, 11, 15, 25, 42, 9, 0, 31, 56, 5, 32, 36, 24, 48, 21, 22, 12, 35, 57, 39, 58, 27, 40, 18, 55, 19, 34, 50, 54, 23, 51, 60, 14, 13, 20, 8, 59, 7, 53, 43, 41, 26, 37, 17, 47, 6, 45, 46, 49, 33, 1, 52, 30, 2, 16
52, 27, 28, 16, 48, 23, 44, 9, 57, 42, 25, 17, 51, 11, 47, 10, 18, 33, 53, 41, 54, 21, 19, 24, 12, 34, 50, 43, 49, 39, 3, 31, 20, 22, 6, 13, 40, 5, 32, 26, 14, 4, 36, 7, 2, 8, 60, 46, 55, 1, 38, 37, 59, 15, 35, 30, 58
33, 31, 57, 1, 45, 52, 37, 44, 59, 0, 56, 50, 3, 49, 12, 7, 40, 47, 48, 32, 21, 46, 41, 42, 19, 36, 26, 24, 25, 17, 2, 18, 28, 20, 35, 34, 51, 60
23, 5, 4, 3, 49, 50, 24, 1, 0, 38, 42, 52, 36, 43, 44, 46, 55, 10, 34, 6, 19, 20, 17, 58, 8, 21, 12, 45, 28, 9, 59, 11, 18, 41, 29
32, 14, 33, 21, 45, 22, 25, 37, 24, 47, 11, 53, 52, 28, 46, 5, 2, 6
21, 54, 17, 40, 43, 36, 57, 46, 32, 12, 0, 19, 52, 18, 47, 16, 9, 51, 8, 34, 45, 27, 2, 49, 53, 42, 24, 25, 37, 3, 41, 1
12, 52, 41, 4, 13, 50, 20, 40, 0, 58, 1, 33, 10, 9, 49, 17, 44, 48, 15, 32, 28, 19, 60, 47, 25, 37, 34, 8, 51, 29, 11, 56, 54, 42, 23, 5, 18, 39, 2, 35, 38, 46, 30
42, 35, 47, 21, 14, 6, 37, 34, 57, 10, 58, 49, 25, 31, 5, 40, 53, 28, 52, 41, 16, 12, 26, 18, 3, 22, 9, 24, 54, 45, 20, 55, 23, 11, 50, 60, 59, 7, 13, 33, 27, 15, 8, 4, 32, 30, 19, 39, 44, 36, 43
12, 9, 39, 51, 32, 25, 53, 23, 41, 18, 30, 5, 6, 4, 59, 52, 55, 26, 45, 0, 50, 60, 56, 38, 8, 36, 16, 15, 21, 35, 43, 1, 11, 34, 3, 31, 20, 33, 27, 44, 28, 37, 47, 2, 29
48, 39, 49, 17, 26, 58, 55, 20, 19, 52, 35, 53, 15, 32, 54, 40, 10, 4, 38, 36, 60, 31
35, 38, 43, 4, 14, 57, 26, 5, 40, 2, 6, 23
38, 35, 11, 18, 15, 45
44, 28, 13
58, 7
12, 35, 45, 15, 36, 34, 6, 52
44, 15, 35
45, 17, 54, 36, 24, 29, 2, 27, 46, 35, 40, 11, 4, 9, 0, 12, 59, 50, 15, 39, 28, 37, 18, 57, 52, 10, 32, 23, 49, 26, 7, 6, 58, 20, 31, 1, 41, 33, 42, 55, 21, 3, 34, 5, 19, 60, 48, 53, 44, 43, 22, 47, 38, 30, 25, 14, 8, 16
27, 20, 24, 42, 22, 15, 19, 9, 34, 48, 40, 31
10, 36
5, 56, 59, 37, 53, 3
59, 54, 10, 32, 39, 51, 53, 60, 14, 52, 8, 43, 33, 57, 44, 40, 5, 49, 23, 58, 29, 13, 21, 16, 56, 48, 27, 36, 4, 37, 45, 42, 18, 28, 7, 50, 2, 17, 15, 9, 26, 6, 25, 30
6, 19, 26, 8, 51, 23, 3, 5, 47, 39, 7, 46, 31, 33, 18, 28, 1, 25, 59, 42, 37, 49, 32, 9, 27
58, 2, 3, 7, 21, 41, 31, 39, 44, 24, 30, 43, 13, 29, 51, 22, 8, 11, 48, 38, 25, 6, 5, 36, 16, 57
20, 52, 39, 19, 58, 40, 16, 59, 35, 37, 4, 23, 22, 60, 31, 6, 44, 13, 1, 34, 26, 49, 32, 0, 48, 18, 11, 38, 42, 21, 36, 5, 24, 51, 7, 3, 14, 45, 25, 56, 2
13, 23
7, 31
43, 18, 13, 59, 41, 52, 4, 1, 30, 50, 57, 34, 42, 14, 56, 8, 20, 49
21, 52, 40, 35, 34, 50, 36, 38, 25, 53, 48, 16, 54, 56, 58, 0, 45, 30, 44, 15, 37, 51, 49, 27, 20, 8, 2, 9, 13, 11, 19, 14, 4, 32, 5, 47, 1, 3, 24, 26, 59, 6, 7, 12, 28, 39, 43, 55, 29, 10
54, 24, 33, 57, 53, 21, 9, 52, 42, 13, 15, 23, 2, 16, 59, 35, 0, 1, 58, 25, 3, 40, 6, 10, 26, 22, 7, 18, 48, 28, 43
52, 28, 17, 41, 57, 26, 12, 38, 39, 3, 21, 46, 53, 37, 32, 1, 44, 16, 33, 48, 24, 47, 5, 19, 58, 0, 49, 51, 60, 9, 10, 2, 23, 45, 29, 7, 54, 31, 27, 18, 15, 22, 25, 14, 35, 6, 56, 50, 11, 55, 8
38, 6, 0, 36, 20, 43, 29, 40, 14, 16, 27, 46, 59, 30, 44, 56, 15, 28, 50, 53, 22, 51, 18, 11, 26, 19, 31, 17, 5, 9, 21, 37, 10, 55, 41, 47, 52, 58, 4, 45, 23, 2, 54, 13, 60, 1, 49, 24, 32, 3
55, 33, 47, 2, 7, 1, 39, 45, 31, 53, 57, 38, 4, 30, 36, 27, 59, 23, 48
22, 50, 47, 54, 4, 14, 19, 2, 27, 44, 0, 33, 37, 23, 59, 49, 25, 34, 42, 39, 38, 7, 53, 40, 35, 36, 24, 29, 58, 43, 48, 21, 11, 28, 46, 52, 1, 41, 8, 56, 13, 9, 20, 31, 10, 26, 60, 57, 16, 12, 3
3, 56, 36, 29, 54, 16, 12, 42, 50, 23, 2, 8, 34, 10, 57, 30, 38, 26, 7, 60, 28, 59, 55, 53, 17, 52, 5, 58, 11, 15, 22, 14, 35, 27, 33, 40, 39, 44, 48, 43
2, 13, 46, 49, 52, 21, 36, 31, 22, 7, 20, 35, 54, 23, 4, 27, 41
13, 57, 37, 7, 38, 31, 19, 8, 1, 22, 51, 60, 5, 53, 32, 48, 4, 54, 21, 26, 44, 34, 15, 35, 9, 49, 16, 24, 11, 29, 50, 12, 17, 56, 28, 52, 20, 14, 46, 10, 2, 18, 58, 43
15, 18, 52, 27, 38, 2, 22, 49, 34, 5, 50, 29, 46, 1, 17, 7, 20, 36, 55, 26, 0, 25, 60, 58, 37, 47, 24, 59, 31, 56, 42, 45, 40, 16, 35, 51, 30, 41
53, 20, 1, 54, 43, 35, 47, 51, 14, 17, 49, 52, 0, 21, 27, 26, 15, 39, 37, 24, 56, 2, 58, 38, 22, 30, 28, 23, 59, 25, 9, 48, 3, 45, 10, 8, 36, 19, 42
41, 60, 38, 2, 37, 43, 51, 22, 56, 28, 10, 25, 36, 14, 45, 7, 52, 6, 11, 19, 30, 4, 42, 35, 27, 3, 1, 5, 29, 39, 15, 32, 16, 44, 33, 9, 49, 24, 34, 12, 13, 21, 8, 26, 50, 47, 48, 59, 58, 57, 17, 54, 0, 23, 40, 31, 18, 20, 53
29, 9, 13, 2, 53, 31, 56, 10, 37, 27, 0, 5, 58, 15, 60, 19, 1, 42, 21, 49, 38, 12, 28, 36, 57, 30, 43, 23, 52, 55, 32, 54, 39, 47, 26, 44, 20
55, 36, 28, 52, 23, 45, 21, 11, 51, 17, 18, 56, 50, 38, 4, 1
13, 38, 23, 6
25, 51, 9, 59, 45
36, 42, 22, 30, 58, 8, 20, 31, 43, 41, 7, 50, 6, 3, 21, 14, 0, 25, 4, 9, 23, 12, 13, 32, 53, 37, 40, 44
27, 11, 37, 50, 39, 41, 4, 12, 60, 3, 47, 21, 34, 59, 46, 15, 33, 45, 17, 24, 44, 16, 51, 49, 38, 35, 30, 28, 22, 56, 55, 31, 13, 36, 43, 8, 10, 9, 14, 53, 2, 32
30, 20, 35, 12, 1, 18, 3, 44, 26, 60, 50, 8, 38, 36, 34, 22, 43, 49, 53, 0, 21, 11, 32, 57, 55, 39, 45, 28, 2, 23, 58, 51
30, 9, 40, 20, 17, 26, 39, 28, 11, 51, 47, 59, 0, 33, 25, 1, 38, 29, 58, 55, 13, 19, 57, 5, 16, 37, 52, 15, 31, 32, 50, 18, 42, 27, 6, 60, 4, 3
28, 59, 7, 35, 38, 45, 19, 48, 18, 33, 51, 26, 23, 16, 37, 49, 21, 20, 58, 8, 42, 55, 13, 46, 2, 44, 6, 4, 9, 29, 47, 54, 40, 53, 11, 22, 14, 12, 60, 27, 52, 34, 15, 17, 50, 39, 43, 10, 30, 41, 56, 36, 31, 5, 0, 25, 57, 32, 3, 24, 1
28, 13, 47, 52, 19, 26, 30, 1, 58
53, 52, 24, 9, 51, 34, 19, 46, 54, 0, 2, 1, 16, 18, 60, 7, 21, 41, 3, 33, 14, 47, 42, 26, 32, 37, 43, 4, 38, 22, 40, 31, 36, 49, 44, 13, 8, 45, 39, 27, 56, 17, 12, 29, 55, 48, 15, 11, 6, 28, 59
39, 37, 18, 49, 47, 30, 48, 29, 7, 16, 34, 57, 44, 13, 41, 59, 2, 45, 56, 1, 23, 36, 12, 54, 40, 0, 5, 17, 19, 46, 22, 35, 20, 55, 21, 43, 6, 9, 58, 14, 3, 53, 4, 8, 31, 38, 51, 11, 42, 27, 52, 50, 24, 26
12, 6, 40, 9, 21
55, 0, 45, 48, 38, 33, 52, 18, 23, 31, 2, 30, 25, 17, 34, 53, 43, 35, 41, 29, 14, 47, 7, 20, 51, 3, 40, 10, 16, 8, 22, 58, 26, 13
33, 32, 59, 5, 53, 25, 50, 34
53, 39, 2, 37, 52, 55, 48, 47, 40, 41, 23, 17, 34, 13, 54, 29, 49, 28, 0, 58, 21, 59, 46
34, 26, 7, 49, 58, 51, 5, 32, 14, 13, 57, 20
42, 33, 56, 1, 4, 2, 31, 29, 18, 39
9, 49, 22, 11, 54, 28, 7, 3, 30, 2, 58, 26, 56, 23, 20, 32, 1, 37, 14, 53, 42, 25, 10, 29, 24, 38, 5, 19, 21, 17, 39, 41, 8, 40, 55, 15, 51, 50, 12, 27, 57, 52, 16, 33, 45, 18, 35, 46, 0, 47, 59, 43, 6, 13, 36, 31
11, 39, 15, 25, 53, 3, 48, 27, 18, 7, 51, 2, 26, 9, 59, 4, 23, 8, 5, 6, 19, 20, 16, 32, 43, 41, 55
36, 33, 53, 5, 48, 23, 47, 38, 39, 22, 51, 15, 46, 30, 55, 27, 32, 54, 11, 28, 42, 25, 59, 1, 20, 57, 29, 52, 50, 60, 0, 3, 19, 6, 56, 8, 31
9, 30, 58, 49, 59, 22, 31, 28, 32, 25, 11, 41, 5, 50, 56, 26, 54, 13, 44, 4, 8, 47, 42, 20, 18, 0, 15, 16, 2, 1, 14, 45, 29, 23, 17, 10, 7, 36, 12, 3, 34, 52, 53, 55, 19, 21, 38, 43
8, 31, 2, 32, 15, 23, 36, 5, 48, 44, 40, 24, 14, 22, 41, 4, 0, 25, 39, 37, 20
