6
100
49
64
orange_0; 0; 5; 3; 5
apple_1; 1; 5; 5; 7
apple_2; 2; 2; 5; 10
banana_3; 3; 0; 5; 10
banana_4; 4; 5; 5; 6
orange_5; 5; 5; 5; 7
orange_6; 6; 5; 3; 5
banana_7; 7; 5; 5; 6
orange_8; 8; 5; 5; 7
orange_9; 9; 5; 3; 5
apple_10; 10; 5; 5; 7
apple_11; 11; 5; 5; 7
apple_12; 12; 2; 5; 10
banana_13; 13; 0; 5; 10
banana_14; 14; 5; 5; 6
orange_15; 15; 5; 5; 7
orange_16; 16; 5; 3; 5
banana_17; 17; 5; 5; 6
orange_18; 18; 5; 5; 7
orange_19; 19; 5; 3; 5
apple_20; 20; 5; 5; 7
apple_21; 21; 5; 6; 6
apple_22; 22; 2; 5; 10
banana_23; 23; 0; 5; 10
banana_24; 24; 5; 5; 6
orange_25; 25; 5; 5; 7
orange_26; 26; 5; 3; 5
banana_27; 27; 5; 5; 6
orange_28; 28; 5; 5; 7
orange_29; 29; 5; 3; 5
apple_30; 30; 5; 5; 7
apple_31; 31; 5; 6; 6
apple_32; 32; 2; 5; 10
banana_33; 33; 0; 5; 10
banana_34; 34; 5; 5; 6
orange_35; 35; 5; 5; 7
orange_36; 36; 5; 3; 5
banana_37; 37; 5; 5; 6
orange_38; 38; 5; 5; 7
orange_39; 39; 5; 3; 5
apple_40; 40; 5; 5; 7
apple_41; 41; 5; 6; 6
apple_42; 42; 2; 5; 10
banana_43; 43; 0; 5; 10
banana_44; 44; 5; 5; 6
orange_45; 45; 5; 5; 7
orange_46; 46; 5; 3; 5
banana_47; 47; 5; 5; 6
orange_48; 48; 5; 5; 7
2, 3
1, 3
3, 2
3, 1
4, 5
6, 7
1, 2, 3, 4, 5, 6, 7, 8, 9, 10, 11, 12, 13, 14
14, 15, 16, 17, 18, 19, 20, 21, 22, 23, 24, 25, 26
1, 14, 27, 28, 29, 30, 31, 32
33, 1, 34, 35, 36, 37, 38, 39, 40
41, 42, 43, 44, 45, 46, 47, 48, 49
52, 23
89, 90
88, 1
1, 45
2, 36
4, 7
8, 9
10, 13
10, 1
1, 10
5, 9
26, 33
45, 9
10, 12
13, 15
13, 14
13, 7
3, 9
92, 0
92, 2
38, 5
5, 38, 2, 3, 7
9, 5, 6, 7
10, 1
10, 1
3, 0
5, 9
41, 31
52, 42
42, 43, 44
19, 5
9, 10
39, 0
18, 16
9, 5
19, 2
10, 1
35, 36
18, 17
19, 5
20, 21
21, 22
27, 8
8, 6
9, 5
10, 2
18, 35
9, 10
1, 8
10, 34
49, 48
39, 38
40, 9