2858313974.45
794120281.57
1685
38
item0; 850; 265396317.51; 40635151.1; 82166358.8
item1; 553; 248471102.17; 27892257.36; 53690983.18
item2; 385; 211743239.47; 91947552.16; 79367753.95
item3; 1190; 319093395.59; 86936360.88; 7942936.75
item4; 704; 118554093.91; 23879491.5; 47672789.12
item5; 391; 265691658.81; 92359030.16; 73924107.35
item6; 305; 244210985.62; 34731694.74; 85059486.61
item7; 981; 109568503.78; 8851574.41; 79568536.23
item8; 5; 51361564.17; 2165382.72; 71272494.74
item9; 297; 333853448.14; 46153568.49; 36955914.93
item10; 58; 256462402.87; 44874453.74; 84223802.14
item11; 843; 112765136.44; 55557581.22; 39166023.4
item12; 1043; 159930014.75; 92017551.0; 80685944.19
item13; 225; 242234880.11; 8647902.04; 17167647.3
item14; 56; 171200587.26; 32675299.04; 26109304.87
item15; 591; 332222466.8; 46623771.17; 63019754.84
item16; 202; 274226996.26; 15590842.09; 61851700.48
item17; 515; 134781931.32; 43291771.4; 12582623.3
item18; 209; 325571283.69; 45556252.62; 85240177.08
item19; 838; 206046228.29; 74658261.96; 83767051.48
item20; 622; 9317691.41; 57636872.63; 65133458.45
item21; 405; 355398289.9; 45378429.75; 25617535.2
item22; 1120; 158798559.12; 58559497.22; 28768307.33
item23; 318; 282443564.44; 65048007.35; 5231972.41
item24; 413; 268822566.64; 19440546.42; 38814203.56
item25; 706; 242433900.1; 58430297.7; 57403109.44
item26; 966; 311675391.32; 79919639.32; 48136966.52
item27; 531; 342111689.7; 2195392.92; 58776361.96
item28; 249; 156480998.22; 72169633.01; 11503367.43
item29; 292; 186223847.94; 7869003.83; 833756.98
item30; 1245; 289490868.89; 79718916.07; 14332151.81
item31; 407; 55757783.57; 1001942.03; 9499939.53
item32; 725; 13088628.23; 53062391.81; 51843795.48
item33; 381; 199002987.75; 18829015.49; 2579616.49
item34; 450; 292983064.39; 94943450.44; 50983501.91
item35; 167; 122250612.91; 39246805.27; 4671226.63
item36; 575; 123382962.44; 28587030.11; 84223775.83
item37; 1138; 96191700.96; 36853381.03; 8250767.35
item38; 333; 298876084.71; 95406380.09; 91359358.35
item39; 1091; 96782509.05; 79087110.05; 61209910.87
item40; 1135; 99913146.76; 87017141.08; 88821023.69
item41; 340; 268717007.68; 24449395.26; 30885285.79
item42; 1051; 162363540.87; 82805752.62; 46663625.0
item43; 1094; 314934408.31; 52673477.08; 3136812.79
item44; 418; 244761832.0; 16913015.95; 40143853.18
item45; 496; 235232734.88; 4742722.37; 67959714.81
item46; 494; 274309826.62; 34404898.74; 42166001.54
item47; 736; 64151895.81; 51371617.31; 95957590.03
item48; 611; 72815429.06; 3925310.87; 37964944.31
item49; 523; 336313239.04; 91205916.68; 7911575.94
item50; 35; 211068641.94; 73218643.59; 26029235.01
item51; 328; 326063846.76; 94200883.89; 62871895.18
item52; 119; 21052708.06; 67452537.85; 81967015.81
item53; 305; 155754134.25; 32883205.35; 68401082.82
item54; 469; 25839670.04; 83517266.4; 46196603.15
item55; 1084; 247346570.17; 71634184.17; 28918559.12
item56; 1106; 97460723.23; 48351060.28; 50344957.77
item57; 1016; 42416745.8; 19876732.22; 75325996.49
item58; 886; 248227785.05; 5465714.72; 57383337.09
item59; 426; 248080824.78; 84054264.85; 41886875.5
item60; 689; 226413057.68; 38664711.21; 36110600.67
item61; 1018; 307452753.53; 79482178.26; 12684633.07
item62; 244; 145362145.43; 20550724.53; 68399269.86
item63; 638; 159393460.87; 90292832.88; 60859315.55
item64; 40; 334549940.16; 6795834.61; 60662082.89
item65; 1141; 349828235.06; 66854051.41; 40689130.02
item66; 5; 92676043.1; 71561643.74; 27505673.84
item67; 33; 120973870.36; 90619890.58; 72933797.47
item68; 796; 186643056.25; 74137807.32; 887591.87
item69; 375; 51302785.62; 22987216.18; 60722157.93
item70; 837; 177711127.3; 88622643.53; 79430910.72
item71; 67; 194042107.88; 18369421.9; 72483688.54
item72; 943; 232541300.87; 76939433.42; 20865838.81
item73; 1260; 21433222.88; 83673875.5; 89244584.56
item74; 968; 231128119.69; 65565353.26; 71853028.05
item75; 544; 73049508.83; 39385124.63; 78728980.33
item76; 990; 38383335.62; 2945554.26; 55264524.45
item77; 891; 206827925.0; 91645166.22; 69608846.52
item78; 994; 156046022.26; 99152507.0; 58929757.19
item79; 875; 344957390.46; 66246185.37; 96030321.42
item80; 203; 77760081.84; 58181542.32; 77095228.31
item81; 420; 342314608.28; 18657005.64; 56017419.21
item82; 1136; 222858135.4; 22958491.02; 11656819.71
item83; 1040; 49697987.8; 8289919.33; 68542959.22
item84; 734; 161124906.54; 7341967.26; 18835814.29
item85; 967; 122186953.82; 21957971.99; 90381887.82
item86; 902; 268201660.05; 83354054.15; 48469650.81
item87; 647; 217886725.23; 50775403.58; 84582590.27
item88; 133; 64606945.34; 13031695.31; 17346156.66
item89; 362; 156487579.8; 4565057.76; 78192547.08
item90; 654; 182106516.98; 63374643.53; 80548440.89
item91; 196; 88945315.52; 72408044.53; 9986602.41
item92; 972; 345604767.73; 51694578.84; 28776394.95
item93; 126; 334659406.7; 78258515.28; 45473102.99
item94; 267; 266042318.8; 44428775.29; 9941583.77
item95; 918; 35119304.4; 28101273.09; 38225213.1
item96; 251; 1476820.97; 13141789.07; 2096163.26
item97; 990; 308431967.67; 70316120.64; 8404228.38
item98; 331; 55483185.82; 56317558.19; 75426391.99
item99; 243; 158727099.75; 1524956.53; 71053619.02
item100; 1194; 346443634.19; 26187032.54; 48961204.87
item101; 147; 243415213.23; 88305738.76; 1797459.56
item102; 819; 346998247.91; 1072390.78; 46764819.89
item103; 961; 352596317.74; 36888165.4; 17619060.29
item104; 942; 315286037.66; 33420056.75; 20030602.77
item105; 1170; 118224488.64; 96778562.37; 10500380.89
item106; 743; 350492750.99; 66451859.37; 87414989.72
item107; 388; 24155100.08; 42419092.53; 3003026.0
item108; 1255; 210801005.28; 26193072.19; 60439295.39
item109; 779; 230155920.17; 13234758.73; 68399009.54
item110; 1237; 123191610.03; 65773251.96; 98303440.12
item111; 572; 280238133.82; 95535179.38; 97637813.5
item112; 419; 197977611.77; 2192264.66; 52774606.18
item113; 947; 163001042.14; 74424937.81; 92322544.92
item114; 1215; 222121879.45; 48146423.03; 72611203.23
item115; 1240; 72775836.32; 80130631.59; 86702922.56
item116; 371; 146612600.35; 60623589.8; 91359604.51
item117; 1035; 301468556.95; 97041840.93; 8003044.59
item118; 688; 311668093.46; 38220730.07; 34223970.79
item119; 446; 160141283.96; 6089574.54; 98810102.45
item120; 392; 134341876.37; 31661813.25; 58335637.28
item121; 1098; 310869935.49; 42993493.35; 57599795.52
item122; 619; 84505419.07; 28501460.56; 61431563.62
item123; 846; 155388349.75; 60882562.37; 64349985.84
item124; 962; 192984222.03; 78407092.43; 34752928.06
item125; 605; 246970722.44; 60816606.88; 90666454.74
item126; 858; 21704239.24; 51244517.5; 97315171.45
item127; 518; 345219065.54; 7541749.43; 21117647.17
item128; 389; 112429986.24; 28092396.25; 85709332.14
item129; 1231; 199048315.28; 94667349.51; 38053614.77
item130; 11; 325160168.27; 68463888.95; 88215684.14
item131; 674; 14719191.84; 28396587.66; 810281.25
item132; 43; 332485631.13; 90879414.13; 49036119.81
item133; 447; 269662198.03; 79110137.41; 4379015.55
item134; 800; 35315830.15; 82307955.79; 28486816.71
item135; 599; 69771125.72; 94825922.96; 94411454.92
item136; 966; 98831276.56; 2239985.89; 12453971.09
item137; 1256; 190331117.24; 76899167.12; 58501161.93
item138; 164; 216752785.69; 83071752.8; 70687394.06
item139; 995; 295562165.59; 46121486.34; 50254206.91
item140; 317; 19656440.07; 49183171.6; 92387653.32
item141; 146; 82234413.49; 49975200.38; 6351993.95
item142; 243; 268375907.47; 33286440.99; 32694379.25
item143; 653; 258643128.58; 20770206.17; 4795236.02
item144; 1125; 192216131.65; 94189269.18; 75936532.63
item145; 26; 251743709.62; 63091462.6; 17177229.63
item146; 974; 164965870.14; 30214329.67; 91853507.89
item147; 1189; 77725731.12; 3331990.91; 64419753.79
item148; 635; 206270332.09; 51892317.55; 94980583.92
item149; 29; 101895738.15; 78264567.61; 85102290.35
item150; 1108; 19818886.78; 26419634.83; 35142546.07
item151; 128; 237309237.54; 92169592.29; 57471396.67
item152; 636; 163619759.53; 50832092.11; 29286451.29
item153; 233; 8142646.36; 89826726.99; 78759.52
item154; 128; 36141216.95; 79054906.47; 36241994.26
item155; 4; 162145940.39; 54179718.57; 4470249.1
item156; 497; 338566819.4; 28566666.59; 11648800.87
item157; 486; 229970663.04; 21420476.05; 82970339.23
item158; 940; 49107184.9; 98911709.16; 10229682.4
item159; 1077; 281306024.23; 48563360.65; 53108557.64
item160; 50; 58921040.73; 89649142.12; 57824048.24
item161; 241; 167746348.92; 31730110.58; 87267377.63
item162; 659; 57734663.72; 31285617.78; 89056414.51
item163; 901; 122740592.38; 53291480.19; 34123145.23
item164; 193; 75808195.29; 8779479.9; 32504294.98
item165; 356; 91352541.88; 57303901.34; 23880168.31
item166; 917; 100297524.36; 65616310.86; 49736994.78
item167; 678; 308682338.32; 12391354.29; 81198312.24
item168; 32; 127938400.4; 79055366.38; 50584184.98
item169; 908; 70328277.56; 16092589.23; 69705929.28
item170; 711; 67003184.03; 2438206.56; 78915098.19
item171; 1125; 321529978.45; 74299003.61; 51390545.49
item172; 703; 354070893.34; 12246299.19; 67259416.0
item173; 268; 331896619.42; 70555309.78; 4638489.89
item174; 285; 87158872.97; 23974952.95; 98567046.65
item175; 7; 99209154.97; 17954857.97; 59916248.48
item176; 1113; 106702695.87; 35694573.13; 27576805.97
item177; 995; 189555723.89; 11394518.6; 9453359.3
item178; 1098; 260672553.27; 2097754.62; 71095393.84
item179; 535; 244687708.6; 40033775.45; 60380929.66
item180; 631; 36052250.78; 75970281.22; 95351504.79
item181; 673; 295956487.28; 53758329.83; 57036553.77
item182; 266; 350264597.6; 71006994.0; 95003020.02
item183; 821; 151931508.93; 78110197.51; 81970021.96
item184; 1126; 236387497.76; 64209970.63; 51995553.94
item185; 511; 99973257.64; 75319044.2; 64973489.39
item186; 724; 105677056.55; 80622561.55; 63551304.55
item187; 26; 53323211.68; 98807171.88; 98848478.59
item188; 370; 16845225.87; 7303832.1; 66570584.85
item189; 1054; 237334415.89; 15645751.17; 33876973.34
item190; 837; 341983915.04; 47612603.75; 23220551.65
item191; 1240; 145063566.85; 74953043.98; 59472668.26
item192; 695; 42014086.07; 88051501.09; 97958574.41
item193; 1232; 113451148.83; 1451559.67; 1100321.25
item194; 589; 225484290.17; 79333340.78; 8743781.88
item195; 211; 221620882.57; 53312546.47; 97310464.47
item196; 881; 240721553.54; 51594176.54; 42649720.49
item197; 82; 246087981.29; 94168688.3; 77450737.34
item198; 246; 302299633.7; 98405725.76; 89150303.96
item199; 532; 89200950.11; 39404800.84; 8599634.8
item200; 507; 379595.93; 40640519.44; 18063690.42
item201; 973; 227192416.73; 88368709.02; 70667381.44
item202; 226; 59850025.7; 59420402.26; 80844859.37
item203; 104; 266077741.31; 98484689.99; 21447276.88
item204; 309; 147875726.0; 37643462.74; 36353411.14
item205; 895; 81908118.14; 18651179.89; 25396930.32
item206; 127; 96467727.75; 58225137.3; 47970243.42
item207; 481; 93462835.28; 9397682.42; 4291082.26
item208; 570; 147449751.0; 92982196.77; 60955876.29
item209; 166; 164822777.05; 39961489.63; 18026872.3
item210; 221; 68435293.06; 10367245.97; 82020374.44
item211; 936; 275000654.71; 42112036.0; 61399283.86
item212; 523; 57269855.71; 88001822.5; 4985222.92
item213; 713; 350616361.76; 38081624.04; 18903871.86
item214; 402; 127916591.72; 97139963.9; 25959906.7
item215; 501; 16746346.81; 61594037.04; 12654774.84
item216; 651; 46189160.54; 75773071.83; 27134402.14
item217; 1058; 336620794.72; 66017889.38; 37152587.41
item218; 666; 195695500.91; 19526794.46; 94242872.53
item219; 1219; 349817778.52; 44310369.26; 96669404.05
item220; 883; 207894049.11; 11488275.67; 55776774.03
item221; 516; 23334662.63; 2009128.33; 42314720.58
item222; 792; 116523635.39; 2003235.85; 7886070.95
item223; 1137; 310779781.06; 39107076.06; 1706473.61
item224; 1077; 48987832.55; 22223896.07; 90192419.76
item225; 994; 212764789.93; 95575522.63; 12007366.06
item226; 376; 343180430.95; 45574479.58; 31635689.93
item227; 530; 30675207.94; 86008791.12; 23079558.18
item228; 461; 235324535.8; 91092084.39; 26022834.11
item229; 639; 267200773.09; 33333377.41; 85719258.83
item230; 664; 269017501.76; 23621086.22; 11403738.65
item231; 658; 84481931.19; 33353203.21; 88647797.75
item232; 421; 137404239.51; 31310039.49; 82642605.11
item233; 1048; 201554631.19; 52611960.9; 74175248.12
item234; 1061; 210629513.88; 34067376.49; 83979322.03
item235; 1143; 19015987.21; 31770359.87; 9037876.49
item236; 164; 258589504.43; 67259705.45; 71487745.65
item237; 100; 87253748.84; 37536208.12; 94363827.85
item238; 396; 50133507.7; 74223657.11; 46831915.42
item239; 284; 655905.31; 54017902.93; 81546326.31
item240; 140; 87513414.16; 69304429.11; 52877078.69
item241; 538; 74056735.58; 90296410.43; 24391111.99
item242; 550; 249113882.39; 63809408.53; 27247350.75
item243; 507; 106847351.38; 34826953.7; 49212150.07
item244; 1184; 77046100.33; 96355740.84; 95123859.37
item245; 737; 67671836.11; 45551497.99; 79240438.29
item246; 1131; 230052891.22; 87852810.83; 42105882.49
item247; 580; 202915885.53; 45302087.39; 60833532.75
item248; 599; 278108117.04; 94066703.68; 47889974.76
item249; 434; 347226540.74; 22290002.47; 36384438.29
item250; 1248; 70516695.52; 74530901.22; 84879488.38
item251; 208; 235483364.11; 89693664.34; 4445626.3
item252; 158; 17348634.88; 80766006.16; 55859716.94
item253; 493; 275905884.08; 42644053.87; 37065838.5
item254; 1114; 257857535.89; 1681083.41; 9452068.33
item255; 467; 46213080.85; 33130714.25; 53301303.22
item256; 806; 251177858.74; 93906.71; 87076161.74
item257; 1065; 173207177.74; 86546156.43; 4591174.25
item258; 1042; 317895995.42; 77792777.19; 6355669.99
item259; 732; 74371855.99; 49923361.16; 15853207.3
item260; 943; 263536039.92; 34053098.02; 95967718.87
item261; 157; 331946555.08; 62013021.42; 1869600.9
item262; 350; 261310842.65; 15838998.86; 28568001.47
item263; 1095; 272802959.26; 7145317.07; 24406905.98
item264; 1095; 155890336.76; 98035958.31; 71984843.15
item265; 394; 262371175.96; 10435290.67; 2306442.87
item266; 189; 223436535.74; 15120671.0; 12674035.96
item267; 217; 252367269.13; 57179160.18; 75144786.31
item268; 518; 152748325.98; 84658876.08; 1058288.73
item269; 190; 354464757.37; 73008993.73; 94434927.94
item270; 114; 239004116.55; 54636705.25; 28670451.82
item271; 1050; 22842938.45; 42177444.76; 89028664.82
item272; 1230; 149482020.05; 51171518.73; 55287905.72
item273; 729; 139007065.58; 49555048.46; 94383248.15
item274; 408; 259351065.8; 24964106.9; 28997005.45
item275; 502; 264714798.35; 40228476.46; 42530434.41
item276; 1233; 68638087.76; 24090068.02; 22135401.79
item277; 436; 113130444.49; 5765833.47; 51085534.27
item278; 1051; 188136469.77; 44084797.73; 67741832.68
item279; 155; 233256338.58; 95699106.55; 22307023.72
item280; 1085; 47603700.23; 60387485.91; 77216552.26
item281; 1122; 262705861.58; 96100508.78; 25379840.87
item282; 439; 77241511.78; 53221749.52; 5457497.78
item283; 872; 163026802.94; 79430866.84; 9077686.81
item284; 610; 158109103.74; 11875673.39; 85235937.83
item285; 626; 168873700.14; 39948958.49; 16414825.91
item286; 1006; 141858530.31; 79553805.66; 38944753.23
item287; 896; 64260600.44; 90552258.67; 7020332.87
item288; 1129; 353847398.71; 56779096.01; 11703858.46
item289; 660; 310926735.72; 79629285.27; 37054103.74
item290; 207; 259726474.81; 70274252.41; 50434300.94
item291; 850; 287786022.79; 96462313.02; 98191408.04
item292; 163; 162984678.89; 49657167.27; 15878146.32
item293; 658; 21782518.33; 64322873.92; 41279332.39
item294; 570; 343886234.46; 11866899.99; 58176689.69
item295; 363; 315327820.74; 82764535.69; 56265690.74
item296; 1035; 236195298.1; 47414033.63; 35154327.39
item297; 568; 209102375.91; 43479649.07; 91184024.71
item298; 40; 63277252.8; 36709473.93; 31375705.89
item299; 140; 247189597.64; 81449179.63; 90546966.62
item300; 1205; 251016871.99; 1062769.25; 72978731.72
item301; 1186; 108774315.65; 95738644.44; 23223062.28
item302; 114; 207941052.37; 24199078.8; 4743534.28
item303; 998; 226736299.0; 75417504.88; 92724670.99
item304; 1023; 3624373.49; 79914454.83; 80013406.13
item305; 110; 111005691.12; 90494120.22; 76743660.67
item306; 747; 20362543.34; 80534218.71; 30588399.33
item307; 484; 71756094.7; 1050183.06; 40602127.56
item308; 10; 256588577.96; 3714351.84; 39508553.09
item309; 389; 24339522.89; 21137241.44; 75951982.04
item310; 508; 335894257.42; 34601153.45; 52318397.49
item311; 1111; 55634768.8; 50634402.1; 32677192.98
item312; 82; 355959780.62; 80260633.28; 33569414.97
item313; 263; 67868907.78; 10677154.87; 43089115.21
item314; 1208; 189777079.5; 71116453.29; 88503351.98
item315; 1097; 149234381.7; 29350386.17; 29369268.84
item316; 223; 278527163.25; 59236750.62; 76811956.24
item317; 107; 280005911.69; 10981407.1; 68397783.03
item318; 200; 210487741.49; 31416067.46; 91940417.19
item319; 1004; 351802662.64; 85065311.95; 60769927.25
item320; 282; 229992985.05; 58428789.5; 40473284.39
item321; 1128; 180408099.12; 41533991.09; 85262400.67
item322; 312; 162606483.73; 21782428.22; 46882132.45
item323; 1062; 52507253.8; 9397379.94; 32815473.37
item324; 1262; 250320302.99; 79676353.24; 80185869.75
item325; 805; 187827797.26; 96549842.64; 59712105.72
item326; 724; 216188483.63; 22713933.82; 83904098.41
item327; 418; 293123550.91; 74940796.69; 6834948.91
item328; 312; 141949083.96; 25988194.73; 83141432.85
item329; 117; 312857175.27; 6743580.14; 97179140.36
item330; 85; 349070721.68; 78394725.04; 50290949.96
item331; 441; 150921409.74; 8236691.42; 97598798.89
item332; 41; 270538984.82; 15670564.86; 56667426.41
item333; 251; 36829016.85; 71575318.4; 46527826.94
item334; 531; 157605281.76; 26038947.61; 28124795.36
item335; 101; 155041791.17; 6036385.89; 26591581.3
item336; 1191; 258173140.86; 22331859.46; 80221077.12
item337; 279; 43030150.14; 90139746.74; 60028972.36
item338; 268; 52413380.32; 58281541.15; 64307486.1
item339; 563; 323709940.5; 57873200.29; 38488813.05
item340; 827; 162024856.34; 61153985.28; 27741175.85
item341; 1229; 13493371.16; 77057428.75; 75677758.76
item342; 403; 15443831.5; 60396809.6; 56203085.05
item343; 796; 13251596.33; 40876909.91; 68842840.84
item344; 188; 186117108.23; 97854402.2; 89284438.83
item345; 622; 104737739.93; 86668040.96; 72498602.15
item346; 596; 126311575.2; 90628631.41; 31201046.34
item347; 935; 54366238.67; 53612502.37; 80425957.33
item348; 242; 187098834.84; 16202768.89; 22826832.97
item349; 1163; 356429554.8; 86501065.49; 7570547.69
item350; 282; 321526277.97; 36620229.92; 34395780.53
item351; 3; 222254774.83; 49539352.79; 92588893.88
item352; 835; 72396233.79; 37808690.18; 39351309.14
item353; 1151; 67197625.07; 30643862.98; 95357674.09
item354; 799; 71875032.6; 31134572.0; 98107127.13
item355; 809; 270101786.22; 62588393.73; 673623.8
item356; 1111; 180522061.98; 95543542.1; 78927364.66
item357; 222; 118193505.4; 69064717.69; 61266312.98
item358; 600; 277984942.16; 7101549.1; 34247533.46
item359; 965; 45193601.55; 50923727.43; 57427151.72
item360; 435; 16188302.91; 97336547.29; 91819694.77
item361; 116; 177435974.0; 17379616.41; 84281711.08
item362; 847; 134798582.78; 42384534.31; 14792366.7
item363; 1061; 269269894.57; 31142280.19; 74852464.96
item364; 445; 57146998.68; 92174669.4; 76743331.23
item365; 1128; 49353917.48; 21165102.44; 9388548.84
item366; 936; 155732764.25; 46060911.14; 77589860.8
item367; 236; 308677042.7; 34892698.05; 72225383.27
item368; 141; 325682496.84; 27646365.74; 45416745.19
item369; 584; 258229728.78; 19116346.42; 33645453.4
item370; 645; 264951222.65; 10156414.59; 39233120.3
item371; 729; 269616922.36; 87361229.65; 88312762.72
item372; 631; 192594449.54; 67359105.79; 54646902.86
item373; 747; 340239820.45; 91285802.14; 35335309.99
item374; 196; 247723149.58; 99081474.63; 11333952.51
item375; 1064; 310069752.12; 8362993.77; 82529719.75
item376; 747; 163923218.94; 58024873.94; 19900491.04
item377; 1115; 82994790.64; 63065965.54; 75901241.9
item378; 485; 56154877.09; 82439838.23; 60010039.76
item379; 207; 247464270.34; 72950266.94; 57420010.94
item380; 1212; 151256738.16; 2263892.96; 51809924.73
item381; 813; 324199832.87; 24234767.87; 56740483.95
item382; 179; 172954180.04; 85870830.62; 94728880.23
item383; 167; 189335511.74; 62922341.07; 57899742.46
item384; 1112; 152651628.62; 90633798.34; 75143529.57
item385; 198; 145945776.11; 54378391.5; 62939171.83
item386; 904; 246954087.3; 65803699.84; 26028630.67
item387; 241; 86055666.48; 14175799.36; 58654148.42
item388; 1121; 13517440.53; 72930448.27; 83703553.93
item389; 693; 165870621.97; 19047192.16; 39311911.86
item390; 783; 315453941.54; 50693963.67; 50913108.9
item391; 444; 84954823.86; 50066884.95; 71066444.02
item392; 279; 160241650.46; 66195268.81; 82603104.64
item393; 772; 106319383.12; 45854653.6; 98603354.18
item394; 1132; 158525797.96; 15417956.99; 2927887.08
item395; 946; 305423120.96; 27277984.75; 45288616.65
item396; 20; 317132106.33; 75084904.68; 46055784.9
item397; 738; 157453472.03; 33860393.35; 3931272.24
item398; 1171; 96874870.12; 90570823.29; 28310083.0
item399; 816; 175173479.95; 31865561.1; 75520036.36
item400; 954; 299101164.5; 72565047.9; 26398858.03
item401; 530; 91190260.53; 25888547.75; 23371077.18
item402; 951; 251105664.69; 12218385.11; 34473614.07
item403; 394; 5914790.48; 47851704.69; 90345132.29
item404; 673; 161052922.64; 46448952.49; 63059989.71
item405; 124; 102520087.53; 85400511.24; 81125691.24
item406; 719; 236848537.19; 92608514.65; 21851834.72
item407; 1191; 17692939.26; 56053869.88; 43855383.17
item408; 705; 312175180.18; 4411025.97; 90809986.2
item409; 750; 216739037.33; 5881047.1; 75190501.3
item410; 285; 58800707.09; 93366262.24; 12037059.74
item411; 217; 315283706.07; 86179924.14; 86705940.33
item412; 445; 73149158.16; 42792313.6; 67537776.86
item413; 1253; 40922963.88; 2158386.4; 75096601.55
item414; 260; 323791079.72; 97971981.89; 66589290.41
item415; 828; 143873205.83; 78156364.12; 23369627.06
item416; 591; 24390384.96; 36866389.3; 68635727.46
item417; 1156; 89198790.28; 58443267.56; 90232371.11
item418; 654; 316061526.87; 33025906.54; 63251564.85
item419; 318; 85174972.11; 5638190.14; 52016595.79
item420; 219; 148448123.82; 59540728.62; 86937626.86
item421; 954; 301120447.94; 65021180.78; 82719438.14
item422; 151; 191139970.97; 45585806.35; 67324908.9
item423; 413; 182535905.6; 70631345.68; 28319032.9
item424; 1126; 164753170.89; 21450006.17; 98344881.4
item425; 448; 105900617.07; 59101821.14; 40415695.29
item426; 754; 102325806.43; 16130492.49; 35268485.47
item427; 1049; 201794354.47; 82437419.36; 38971413.38
item428; 1151; 233441553.12; 39699991.76; 23894397.18
item429; 35; 206646382.09; 85731371.42; 4536120.76
item430; 336; 169276061.04; 38756483.13; 91054257.45
item431; 820; 102850675.18; 84690373.61; 82282378.56
item432; 769; 86336923.73; 57793858.01; 66062937.98
item433; 1178; 31231406.71; 62221137.81; 18449386.86
item434; 465; 118772952.79; 34091145.65; 65529804.78
item435; 9; 28795706.69; 32719355.87; 14789785.68
item436; 423; 112094441.09; 74495648.12; 46043510.72
item437; 189; 18071727.74; 43609303.21; 78969892.13
item438; 745; 347422136.12; 11891837.58; 71415706.37
item439; 757; 340043789.0; 30675757.04; 44163375.06
item440; 850; 145044571.6; 90987299.85; 15652910.19
item441; 747; 71973350.97; 24001152.11; 86501643.36
item442; 914; 97239583.55; 29661612.9; 8713420.15
item443; 770; 198268392.48; 94096555.63; 90333745.31
item444; 18; 351106578.27; 21542007.46; 33932432.48
item445; 540; 289755209.89; 15621871.94; 96818575.72
item446; 802; 173405610.8; 3076533.02; 19735321.43
item447; 388; 248614027.72; 15996888.27; 12437615.8
item448; 53; 93622065.42; 87467069.52; 22894065.65
item449; 886; 239536072.48; 80775656.86; 4501667.83
item450; 1128; 158607384.46; 5919968.77; 56940522.32
item451; 322; 172315927.32; 30517841.74; 58603569.4
item452; 603; 97774584.72; 87598905.76; 22453662.37
item453; 988; 96467895.96; 38907933.22; 40902791.35
item454; 501; 249404883.74; 87617836.5; 1516961.63
item455; 393; 210756210.76; 83579243.73; 95137284.92
item456; 1239; 106345556.45; 78715291.51; 1699337.95
item457; 70; 212411403.4; 42436436.33; 20474817.61
item458; 579; 206711295.51; 8956158.79; 53925769.99
item459; 556; 57471662.22; 85884315.57; 13425505.96
item460; 255; 264501008.44; 1086329.03; 98497278.39
item461; 389; 15778756.89; 59988874.84; 85514574.72
item462; 1025; 304375774.72; 22598773.16; 72806468.38
item463; 66; 333338356.91; 45114014.82; 66464614.57
item464; 312; 30764719.12; 71065388.53; 38984242.98
item465; 355; 275693792.19; 36474992.39; 56824406.79
item466; 645; 85842187.03; 62541908.76; 45517463.38
item467; 638; 54817443.25; 19191518.15; 61782617.06
item468; 772; 7494202.46; 24748638.65; 51343971.79
item469; 1173; 106028167.89; 6549211.43; 52947044.12
item470; 106; 335188776.54; 47424622.79; 13947752.69
item471; 1259; 142637653.0; 83572618.29; 37918225.79
item472; 1136; 190178939.06; 87774215.34; 51851897.25
item473; 557; 339864249.56; 47792256.24; 19107506.07
item474; 242; 55430256.82; 48865662.63; 19645542.4
item475; 517; 290693733.96; 85551207.78; 18211395.35
item476; 470; 54255743.84; 74176928.13; 51137719.97
item477; 834; 262134005.15; 36647274.42; 31462412.65
item478; 693; 94177969.0; 96645328.1; 81492902.36
item479; 1032; 208052449.19; 84201634.91; 36963903.02
item480; 1193; 187746390.86; 76575167.83; 87816944.88
item481; 2; 5456318.18; 97091806.71; 17710205.81
item482; 1136; 312991264.04; 78228589.61; 65710899.26
item483; 528; 51512323.44; 23154411.05; 73646973.26
item484; 167; 126698156.7; 17723183.03; 32659594.59
item485; 211; 236698242.09; 4624423.13; 87765374.15
item486; 638; 266508179.24; 309987.33; 328710.3
item487; 779; 69589007.53; 48459.33; 55494527.01
item488; 889; 102729571.38; 97445505.43; 84976049.15
item489; 430; 3612782.05; 76801548.55; 95214169.14
item490; 76; 221233440.47; 44263518.31; 60436298.77
item491; 564; 124718026.71; 44218305.18; 64082367.29
item492; 156; 337340426.09; 84024784.0; 80110969.9
item493; 730; 6629915.25; 67819677.16; 34071340.9
item494; 349; 292722437.3; 98429883.12; 7702624.23
item495; 733; 66028659.49; 69749522.39; 28563923.06
item496; 250; 163015321.64; 98859645.97; 39711344.59
item497; 375; 17140649.87; 33401336.08; 70589361.56
item498; 165; 138085519.69; 42789634.93; 76775971.73
item499; 385; 101415116.54; 37955334.2; 15504598.67
item500; 735; 329212792.89; 56851445.09; 71414865.95
item501; 569; 137384248.96; 59433482.01; 50327922.83
item502; 468; 143257532.77; 41806464.13; 55868363.63
item503; 1142; 220330065.61; 51285344.51; 29974978.14
item504; 970; 25156155.29; 7664703.71; 29609206.64
item505; 1143; 329267204.78; 66909970.77; 48887346.2
item506; 918; 167894720.37; 7676254.48; 32496868.29
item507; 1065; 107242344.28; 82128570.64; 19382454.54
item508; 852; 4668953.89; 67928936.29; 16669648.65
item509; 473; 226296977.92; 78463170.92; 71079660.16
item510; 519; 126348133.51; 63631553.01; 48373793.76
item511; 753; 97532286.83; 12719213.25; 28582633.1
item512; 1161; 131919313.61; 8943427.65; 72337915.41
item513; 121; 267948280.75; 18545348.76; 18534083.64
item514; 1052; 123510170.85; 43529217.0; 1726376.34
item515; 606; 214234040.82; 82171125.24; 6127775.44
item516; 785; 78393671.83; 38300888.6; 73303407.26
item517; 459; 154469805.03; 23327879.04; 21562750.4
item518; 610; 225836090.49; 90678922.1; 80957343.23
item519; 901; 29927858.2; 16984562.07; 72242407.2
item520; 388; 323480537.3; 82475726.77; 97288436.22
item521; 261; 332251738.7; 97989100.84; 20556356.24
item522; 1231; 40207079.08; 28007572.03; 60548053.52
item523; 39; 105668167.69; 82051720.68; 44270375.01
item524; 900; 137606890.02; 49219290.5; 33886054.19
item525; 315; 49635435.17; 71763930.36; 58240377.86
item526; 260; 186497301.46; 58711144.86; 62646379.35
item527; 1022; 129782805.97; 34448665.89; 76337728.45
item528; 318; 347194786.05; 8358183.82; 48715335.36
item529; 1139; 339499231.07; 72952933.16; 5065843.67
item530; 682; 127179363.87; 71668691.53; 50687859.3
item531; 750; 35793663.11; 98101101.76; 67562545.3
item532; 1097; 2243387.57; 1009553.24; 27797469.28
item533; 823; 85811882.09; 47624877.36; 20594689.68
item534; 44; 189776670.94; 96832857.39; 14114089.4
item535; 255; 76683109.18; 38841488.75; 78803803.01
item536; 62; 187318676.54; 71719045.36; 84894005.12
item537; 15; 42316526.79; 65978649.78; 50248813.41
item538; 672; 250642741.87; 47433805.03; 158318.76
item539; 946; 12594340.24; 54118158.04; 78762946.35
item540; 758; 19405646.12; 31244331.3; 36567464.57
item541; 1184; 74497833.31; 71589026.15; 56518745.96
item542; 125; 21597503.67; 12696543.87; 74716253.73
item543; 149; 28912064.71; 49158482.37; 40080085.42
item544; 342; 126088246.99; 38502464.22; 5760166.17
item545; 813; 228030876.41; 67508511.72; 38631549.34
item546; 1136; 252741126.37; 5845041.24; 95869581.52
item547; 421; 179762583.04; 87911085.59; 7152500.06
item548; 247; 177858397.05; 76940053.61; 53517063.04
item549; 1052; 77243511.72; 14180287.89; 58168894.87
item550; 262; 322465765.0; 95480599.87; 80018531.99
item551; 1144; 282714715.21; 61202908.5; 30232969.71
item552; 713; 238807014.07; 19988552.92; 30945208.31
item553; 693; 105530451.78; 61064495.73; 91514761.05
item554; 1181; 179121152.15; 93076548.09; 2772961.62
item555; 787; 304051630.64; 21907149.61; 25350131.58
item556; 1192; 74309648.57; 21068843.94; 84897826.88
item557; 210; 129475350.85; 51138256.9; 59268533.07
item558; 158; 227086943.76; 89496036.82; 57114380.86
item559; 888; 176058474.37; 76640290.05; 34853580.96
item560; 86; 313670108.31; 41713382.89; 48078136.58
item561; 1155; 116919601.69; 87262689.46; 43274233.86
item562; 1261; 148561297.96; 94501527.25; 45363057.03
item563; 571; 252474438.59; 67432871.17; 54231435.18
item564; 574; 174049932.56; 88991621.24; 51907195.39
item565; 770; 157835259.51; 44359157.55; 37757710.58
item566; 734; 286340713.01; 80310878.66; 47451745.21
item567; 958; 98882760.0; 9301500.16; 55362161.36
item568; 1153; 35313571.12; 3052524.3; 64634630.42
item569; 660; 140770569.88; 71196191.54; 64346135.35
item570; 991; 320639229.86; 25122863.2; 90589139.49
item571; 1237; 177373693.23; 3008116.85; 27475212.1
item572; 303; 177193013.83; 52760391.35; 6412396.92
item573; 215; 115205038.14; 26387880.27; 76878822.61
item574; 666; 9171333.09; 75344102.84; 38942010.99
item575; 650; 114639804.53; 58653307.4; 83702352.77
item576; 831; 297402006.66; 78457379.43; 70407192.87
item577; 250; 205877756.33; 84260557.85; 49117971.82
item578; 791; 310760061.93; 78477099.99; 67182943.41
item579; 896; 144069769.7; 18380101.91; 64143685.17
item580; 910; 64999191.5; 29056457.39; 60704101.87
item581; 917; 350519321.76; 9043390.31; 78747165.02
item582; 853; 231979759.12; 27333291.21; 76075340.36
item583; 339; 246753191.88; 15399987.66; 2450456.87
item584; 86; 232639831.19; 42161341.29; 32612902.92
item585; 797; 32155166.34; 79221787.17; 26130127.76
item586; 346; 352531659.35; 69341271.88; 98822881.04
item587; 220; 166325467.85; 12826073.5; 59295141.11
item588; 566; 157070202.04; 1691793.41; 42150933.26
item589; 142; 94113646.36; 60773459.66; 86796970.55
item590; 47; 86808034.32; 21424907.12; 81182290.88
item591; 762; 27801302.49; 8419296.14; 17874543.7
item592; 158; 356029660.3; 27704833.19; 1045362.21
item593; 709; 252232276.23; 82302299.67; 51942190.04
item594; 393; 119457232.48; 39556511.56; 30594947.23
item595; 944; 62224258.98; 35206228.49; 55274359.39
item596; 1094; 186247640.3; 10998662.08; 52484538.13
item597; 878; 17722639.49; 45317797.33; 3931172.53
item598; 1012; 305050669.04; 34585931.59; 73053578.18
item599; 156; 83843740.01; 73559297.48; 56499994.55
item600; 266; 326202739.93; 18235318.69; 3015614.44
item601; 824; 322047645.5; 52420905.39; 77033437.53
item602; 61; 282012025.62; 62893918.13; 86738161.65
item603; 689; 333625979.57; 1745640.63; 32040402.47
item604; 1097; 47983955.87; 11628911.16; 86922126.16
item605; 304; 171813115.23; 32215679.39; 90095227.56
item606; 262; 61263258.74; 70827850.66; 33878552.9
item607; 190; 131384924.86; 8064427.21; 28533281.21
item608; 405; 140047943.05; 57529015.26; 94587376.14
item609; 263; 87247369.36; 62887621.19; 61401210.05
item610; 70; 260024122.13; 32277755.81; 79442248.39
item611; 142; 77866098.12; 34677947.66; 59190111.53
item612; 1111; 102046543.57; 37467929.74; 80679330.99
item613; 77; 304382697.74; 6121605.66; 88603527.91
item614; 94; 352036286.27; 451188.06; 1262677.05
item615; 1250; 89403588.55; 12870256.52; 28699308.09
item616; 139; 176507205.66; 88657379.25; 68905403.75
item617; 621; 174754459.41; 41419126.75; 32969375.38
item618; 369; 162385512.8; 1678360.52; 94759502.98
item619; 413; 126744126.9; 90810383.34; 92604634.27
item620; 234; 189009915.55; 29377425.41; 61096609.26
item621; 367; 309440708.67; 67675975.23; 61621635.97
item622; 693; 92900494.11; 5238191.72; 82626669.1
item623; 1128; 210387696.88; 5580953.57; 35505889.8
item624; 605; 103771897.06; 47036879.67; 67981487.55
item625; 279; 226714971.1; 27797458.71; 23322055.68
item626; 1171; 196026931.97; 51296175.84; 6893118.58
item627; 169; 326539078.39; 86301459.4; 75099377.85
item628; 496; 27713526.01; 3996285.91; 2331123.1
item629; 606; 124567724.98; 27604436.75; 39690303.36
item630; 896; 87836474.79; 193415.22; 72624714.85
item631; 472; 304369354.74; 13614900.45; 88797828.53
item632; 975; 222668515.05; 50017905.79; 14143708.77
item633; 331; 340760424.18; 39485714.89; 78608425.55
item634; 436; 143314036.27; 5151678.7; 81024332.7
item635; 590; 169225669.33; 34008646.03; 43731446.49
item636; 320; 9729460.84; 80569641.7; 55412121.8
item637; 245; 276025159.79; 64777760.78; 31280407.84
item638; 1086; 221276293.69; 36844963.0; 37283952.23
item639; 82; 224416708.53; 45632119.57; 18225392.58
item640; 943; 237540424.53; 74874670.28; 68636635.39
item641; 495; 309115999.54; 153434.88; 64004442.22
item642; 385; 125989452.22; 43924474.39; 35842404.52
item643; 871; 314529576.54; 13007493.75; 34614870.2
item644; 406; 349436680.67; 13566179.85; 48547017.95
item645; 386; 69037050.1; 93730622.17; 43209351.56
item646; 67; 206028425.52; 99109059.23; 84288554.91
item647; 375; 276466365.29; 33298396.32; 4120187.6
item648; 888; 182243992.36; 57775536.17; 28267474.43
item649; 611; 227207660.06; 5338403.72; 1743133.72
item650; 837; 350146258.35; 91567543.97; 6380689.46
item651; 1116; 249977709.19; 89461772.28; 7399542.51
item652; 654; 300847869.67; 9733638.07; 23489129.95
item653; 1151; 252453171.06; 31863154.77; 10531592.25
item654; 471; 292981151.32; 3701779.51; 71829904.39
item655; 536; 26104279.74; 80406448.91; 33023643.49
item656; 1069; 131152563.5; 90442265.96; 96521500.61
item657; 6; 325226575.54; 41857973.46; 38253687.89
item658; 999; 187951539.58; 54552622.72; 79286658.31
item659; 1103; 288247861.62; 48649278.03; 29656942.44
item660; 1048; 220146783.79; 79662719.87; 85650971.02
item661; 852; 43998570.03; 41461270.67; 33720328.98
item662; 188; 40133781.16; 53200736.0; 70914281.76
item663; 443; 137305009.3; 86863008.36; 57739124.68
item664; 926; 34950789.02; 87907854.72; 18028852.84
item665; 906; 180723653.39; 95819146.74; 49960957.27
item666; 1014; 1176302.4; 49658551.2; 35634365.32
item667; 752; 141174186.52; 79697049.55; 60629642.72
item668; 1055; 238868368.67; 55530665.22; 51339253.5
item669; 1212; 49178697.98; 35519673.49; 12087364.37
item670; 416; 214866427.02; 93374923.38; 26762717.92
item671; 936; 321960788.73; 95101872.56; 54562809.77
item672; 235; 174397638.7; 22918129.47; 38258240.65
item673; 1068; 306427743.5; 23533535.73; 86800299.93
item674; 698; 329440709.06; 55046600.86; 42184699.53
item675; 69; 31100112.1; 73105486.39; 41879463.09
item676; 423; 133408678.41; 97009688.43; 41105965.43
item677; 382; 200724857.74; 316009.25; 39926437.35
item678; 834; 242014577.33; 48327747.48; 23539157.86
item679; 1217; 87062029.66; 77089399.58; 83819003.98
item680; 68; 99831149.77; 4787566.24; 32430143.38
item681; 858; 237398529.36; 57254921.46; 85928295.69
item682; 23; 129488759.05; 86320144.29; 70690587.58
item683; 744; 54817332.19; 20863589.94; 1507840.71
item684; 19; 341838148.14; 93437098.39; 92392401.61
item685; 112; 52027879.13; 50469420.63; 63926505.57
item686; 833; 275203311.49; 55509533.99; 3051402.21
item687; 239; 159877276.16; 60281810.07; 62503078.87
item688; 920; 170660469.55; 80105587.58; 90575355.89
item689; 1142; 270616622.07; 55888173.29; 65012795.78
item690; 521; 181990742.31; 40322986.65; 41316308.4
item691; 661; 125937206.34; 65835810.05; 81025789.19
item692; 749; 254405397.08; 29759865.26; 78666508.14
item693; 905; 196199116.46; 89120076.61; 63062663.39
item694; 1082; 226093027.63; 32448668.77; 3893756.69
item695; 1236; 46525551.92; 16236557.69; 60483508.31
item696; 1163; 164013753.12; 69298945.01; 16789156.93
item697; 218; 128746961.51; 84366829.52; 9633262.36
item698; 1064; 355281165.21; 42702202.83; 51037622.02
item699; 263; 133151688.53; 92953032.58; 66662004.39
item700; 1135; 129637141.74; 47743853.76; 82486365.46
item701; 489; 82845560.68; 39680942.9; 66423211.47
item702; 1185; 36857223.8; 6854398.34; 65181917.39
item703; 272; 340805510.97; 32806735.12; 92686585.45
item704; 1043; 271819131.83; 46135620.61; 8507116.06
item705; 618; 86560797.38; 12442143.31; 48620555.57
item706; 834; 104145659.55; 56654118.04; 90488204.2
item707; 1082; 66847677.68; 82341884.72; 74794233.88
item708; 1081; 218730331.95; 98896158.06; 7892420.55
item709; 279; 112366993.38; 66959131.1; 29300325.13
item710; 954; 189217032.28; 31938464.39; 22596658.96
item711; 1005; 43577294.46; 11773871.87; 4963393.07
item712; 194; 29656960.2; 2834964.78; 33502438.71
item713; 847; 140096124.13; 71992373.91; 89884873.02
item714; 254; 144792541.76; 70934076.09; 77567192.48
item715; 685; 98997007.93; 68402954.67; 17479837.15
item716; 964; 140057718.57; 10444837.39; 45376438.82
item717; 387; 192819288.62; 1815585.22; 58966753.01
item718; 464; 36949543.7; 22086091.4; 66883152.92
item719; 1152; 312155431.54; 71269456.69; 60471726.38
item720; 844; 178370262.55; 22727712.06; 42725080.43
item721; 317; 45887260.75; 29341872.36; 7293620.26
item722; 530; 328864357.89; 49048947.92; 74974326.98
item723; 640; 352314583.76; 69145478.2; 4054561.46
item724; 882; 73373732.23; 70024838.86; 47293625.89
item725; 1019; 234274462.3; 81166096.23; 10297144.18
item726; 107; 89915366.47; 12293615.88; 28909231.08
item727; 817; 17946574.25; 71677146.34; 55259228.89
item728; 1228; 152998027.76; 1039863.24; 48646546.97
item729; 131; 315811950.19; 93226060.31; 88532478.38
item730; 693; 188241507.84; 73587452.7; 3113829.17
item731; 158; 312980128.07; 95272999.98; 13285476.72
item732; 798; 166414475.66; 77684993.1; 70728480.0
item733; 255; 299683367.42; 83882581.73; 54319157.02
item734; 609; 23360220.23; 79679040.65; 80833302.82
item735; 843; 259380973.4; 41215683.03; 25545209.83
item736; 1181; 315245363.02; 1544716.3; 63282205.42
item737; 981; 183603538.82; 94916969.44; 16028324.2
item738; 290; 339543759.71; 24033037.58; 82442935.55
item739; 730; 201650476.54; 82266683.78; 46810640.96
item740; 269; 111958074.13; 58172277.42; 41242347.08
item741; 6; 154405562.94; 44299217.9; 61261896.57
item742; 31; 293243672.96; 51730823.35; 35602121.74
item743; 823; 219209627.61; 63345527.59; 85443114.26
item744; 1092; 51304183.07; 75146548.93; 20032925.97
item745; 337; 1763785.21; 77322692.66; 84506389.63
item746; 257; 28768151.33; 74233477.51; 39083333.0
item747; 918; 197048454.87; 42740364.23; 89009087.28
item748; 680; 173101437.36; 37460790.8; 21707164.99
item749; 1039; 282039744.88; 4772825.49; 1401780.01
item750; 1018; 109129426.71; 97369302.9; 24809400.21
item751; 971; 350278909.5; 32713886.82; 40257780.43
item752; 917; 102713589.02; 85387358.93; 59538583.83
item753; 1054; 90893460.29; 7590654.51; 30358432.07
item754; 656; 89534929.07; 20446115.31; 94093651.44
item755; 1048; 10704533.21; 74423210.42; 12245929.21
item756; 492; 284399733.6; 88734238.14; 92179792.07
item757; 348; 285415844.56; 49680385.62; 63522902.74
item758; 550; 21605876.96; 78627016.61; 92759162.93
item759; 1082; 200566095.08; 72013157.48; 87818753.02
item760; 552; 43629862.31; 27649369.04; 41461517.06
item761; 888; 189997346.74; 781390.4; 29638779.67
item762; 814; 4587537.26; 15024970.88; 80963738.35
item763; 1107; 232297157.5; 58234112.57; 46550159.21
item764; 138; 319544508.42; 63569154.86; 72775193.3
item765; 846; 164884761.37; 41012317.76; 45479417.46
item766; 143; 325040225.51; 61827699.51; 47351765.79
item767; 1054; 203391515.5; 12939030.88; 82536102.18
item768; 1211; 257706839.93; 20255536.27; 21088641.57
item769; 116; 87524864.75; 81311075.75; 41483373.41
item770; 313; 353111486.3; 12242034.51; 85759893.71
item771; 1158; 41191796.16; 94356295.97; 38623512.59
item772; 1025; 356949144.66; 69788192.73; 26308295.47
item773; 103; 183704908.16; 23835013.23; 18463618.5
item774; 289; 28088961.52; 15392626.81; 98537200.43
item775; 45; 61605386.68; 21304918.22; 45206378.6
item776; 346; 276868270.04; 66100742.75; 36224521.75
item777; 57; 212524944.85; 75347948.03; 25792368.98
item778; 146; 329220280.02; 60487196.63; 23929959.06
item779; 1254; 71740801.98; 15213356.72; 55539487.12
item780; 1243; 142950326.68; 40174733.39; 64254127.41
item781; 239; 102598702.49; 19949118.88; 5635428.42
item782; 185; 329755311.37; 43145829.61; 74132095.18
item783; 1016; 273980300.54; 15615578.02; 31136810.95
item784; 1008; 41105313.22; 84391128.59; 95538813.62
item785; 849; 273105555.13; 25830879.6; 78480935.48
item786; 686; 250246406.26; 45658302.09; 55424101.38
item787; 225; 191525244.28; 23691300.28; 57816015.4
item788; 395; 16253753.03; 34720354.26; 48269026.74
item789; 743; 144590089.66; 37007297.57; 40651027.66
item790; 269; 220953816.68; 33699427.54; 30357864.17
item791; 260; 160411707.04; 53878092.01; 748657.84
item792; 989; 92802243.81; 79663140.76; 13990866.81
item793; 155; 67414274.62; 43552252.87; 71288112.5
item794; 138; 124874858.87; 84726350.98; 2850543.33
item795; 547; 7280945.09; 26627123.22; 81902516.95
item796; 773; 232639121.7; 28464340.15; 33706279.84
item797; 816; 27759197.41; 40166302.3; 98482765.86
item798; 602; 154493945.07; 55348084.76; 14066308.96
item799; 1013; 175335940.56; 87838422.88; 24907011.46
item800; 469; 4785210.94; 84193854.18; 61076076.06
item801; 602; 187158606.02; 6326739.23; 98205288.88
item802; 574; 253936070.41; 61541538.08; 58826717.51
item803; 264; 344033484.74; 54998905.14; 84629253.0
item804; 1074; 148051228.76; 91791818.58; 72105595.51
item805; 1162; 143722246.83; 55618114.41; 20414425.29
item806; 1067; 286059528.08; 36357298.72; 80046407.12
item807; 943; 1741530.85; 2435869.3; 96779857.83
item808; 1193; 301507418.6; 76443440.13; 741927.71
item809; 478; 18630133.48; 69499740.18; 15417951.31
item810; 778; 234518609.77; 87690142.82; 86382994.84
item811; 1095; 117680474.88; 156390.52; 72357756.93
item812; 446; 25337211.53; 75404081.87; 24423654.1
item813; 833; 76830141.62; 1433957.36; 49787421.69
item814; 472; 318860958.0; 86727138.97; 62388769.24
item815; 1087; 83313313.24; 89884741.7; 88700191.79
item816; 74; 351489753.07; 6279432.68; 82008001.83
item817; 174; 283727117.91; 57611358.46; 38782674.66
item818; 995; 101681687.62; 34834174.4; 84175829.47
item819; 372; 28332965.23; 41431691.94; 1015529.23
item820; 282; 237329239.33; 84029988.6; 14002734.03
item821; 331; 261600641.76; 88984625.59; 48637305.05
item822; 640; 28542103.28; 85790574.77; 9286023.29
item823; 1031; 430641.91; 47059295.85; 19491973.71
item824; 166; 216887154.04; 68513913.31; 72965038.72
item825; 393; 261518757.12; 34080902.03; 83072470.71
item826; 1080; 273081349.19; 40987337.14; 976455.28
item827; 535; 302380880.07; 25870631.61; 26667081.31
item828; 892; 59655899.11; 43185154.0; 41879115.4
item829; 1044; 288198987.58; 93437046.14; 24799786.61
item830; 727; 165119923.84; 6764987.96; 94326357.06
item831; 802; 261320118.49; 18519865.84; 75102210.91
item832; 19; 288887506.16; 42639183.88; 38316979.14
item833; 873; 175966757.32; 63212194.26; 52357180.91
item834; 789; 123783882.01; 34480327.06; 96456223.77
item835; 1183; 176009351.65; 98279982.67; 27026045.22
item836; 847; 179142717.34; 8149676.92; 52077468.38
item837; 813; 316051499.22; 86051761.22; 11337004.52
item838; 967; 84440291.59; 98426837.14; 9813800.04
item839; 88; 66733486.16; 1535283.63; 20919444.57
item840; 1209; 89510836.59; 55076488.18; 18367088.74
item841; 1238; 191386468.82; 88452168.91; 85794394.44
item842; 440; 40688311.36; 20783217.42; 17442520.76
item843; 1093; 237593383.27; 88328598.86; 63238644.07
item844; 649; 243807297.45; 48172443.15; 31106632.69
item845; 226; 318692900.6; 22685197.26; 73501873.02
item846; 389; 108529588.09; 56509487.02; 97694637.31
item847; 347; 7076376.07; 25777213.03; 33589772.99
item848; 660; 246008852.12; 9726253.99; 85271566.39
item849; 737; 223573514.18; 80899260.71; 64000835.59
item850; 867; 155649944.43; 97379617.28; 83462145.57
item851; 366; 155076152.06; 58684521.13; 76492077.66
item852; 560; 42231410.91; 20623177.8; 76235514.95
item853; 767; 129654922.31; 38638930.69; 79492546.21
item854; 349; 46271577.33; 26756971.2; 71904587.5
item855; 356; 86426822.44; 98123680.9; 47667357.94
item856; 733; 302415831.16; 51597238.9; 19215798.83
item857; 233; 241025215.29; 90087205.34; 66674447.22
item858; 314; 139007139.64; 86060879.78; 42188809.71
item859; 283; 168335396.84; 89292036.4; 23377549.94
item860; 993; 13118887.47; 3539834.45; 96771855.91
item861; 657; 202295972.96; 95810367.02; 12781537.35
item862; 686; 312499405.31; 75981832.7; 10278315.82
item863; 418; 127554929.11; 5381890.32; 40910642.38
item864; 512; 89029988.23; 32425953.15; 17354133.65
item865; 516; 67831559.34; 78558766.17; 37702962.16
item866; 618; 236818686.21; 48962850.81; 57831585.65
item867; 134; 3572091.02; 20063343.72; 94748623.97
item868; 927; 315433147.69; 49704568.11; 86537511.98
item869; 706; 162426104.17; 10679267.93; 16141483.73
item870; 791; 253018042.83; 19797531.94; 72863110.99
item871; 769; 109372026.17; 40931747.86; 13110359.07
item872; 326; 208375777.59; 56209480.88; 5907426.73
item873; 415; 214077657.12; 36458332.32; 72772242.58
item874; 576; 8782346.54; 98843880.12; 76446958.49
item875; 169; 251689987.02; 68785325.82; 70155666.85
item876; 698; 144237854.57; 8638299.87; 36886167.82
item877; 1161; 88541078.83; 89617311.62; 10072137.14
item878; 471; 129576892.32; 8510651.14; 15981262.71
item879; 266; 352986562.55; 45842897.55; 70326162.23
item880; 402; 322669105.53; 35491452.68; 57929312.0
item881; 328; 111548734.76; 54643604.32; 67129752.96
item882; 223; 219770371.41; 46526014.69; 82574222.46
item883; 90; 298100158.62; 17931080.95; 69648385.84
item884; 406; 153370784.71; 46278973.28; 44118360.28
item885; 1040; 188410479.48; 45958123.43; 64847010.85
item886; 1164; 24971809.85; 20648230.54; 92603472.51
item887; 1110; 34706501.67; 37834848.09; 93034984.31
item888; 19; 196097309.99; 89133134.74; 10254337.22
item889; 841; 138175832.83; 76864522.72; 30646548.71
item890; 81; 190150297.63; 31375003.39; 63241219.87
item891; 124; 277069759.95; 72274520.84; 3259072.11
item892; 705; 109203072.64; 48640517.48; 61447555.25
item893; 685; 43517838.97; 81329422.97; 50847228.48
item894; 190; 63976572.7; 84232059.8; 5687320.09
item895; 1191; 118839715.69; 10218708.79; 10571043.66
item896; 604; 217388935.37; 31264135.15; 38669170.76
item897; 377; 118319030.71; 8207703.04; 13121505.79
item898; 603; 175860200.38; 17951559.35; 38142352.25
item899; 361; 277959543.91; 75579258.18; 55304949.22
item900; 637; 317763001.0; 13539448.14; 14922220.66
item901; 369; 11662794.9; 91808031.45; 88526621.06
item902; 793; 169869707.85; 57303575.25; 26716462.92
item903; 832; 239990542.83; 31641334.38; 95362040.55
item904; 169; 182173669.31; 56116205.65; 951945.34
item905; 747; 35027635.71; 77900406.83; 85646279.08
item906; 1005; 131788150.72; 12886171.26; 80875786.39
item907; 152; 174648480.43; 16511187.87; 11183462.9
item908; 748; 191380390.96; 34684904.81; 12808793.6
item909; 1050; 107072730.73; 8321363.98; 93748013.12
item910; 22; 25466890.23; 74793041.2; 7848191.15
item911; 590; 50014959.09; 59358526.9; 49498510.59
item912; 295; 193392466.02; 25789855.39; 45206664.05
item913; 142; 338369185.39; 85070500.12; 2251000.74
item914; 615; 300605826.94; 75209513.96; 2157607.19
item915; 145; 50540355.11; 20456100.13; 86722716.46
item916; 804; 168483074.09; 68792350.78; 35497003.92
item917; 956; 248229294.93; 44693935.0; 74605567.06
item918; 820; 308369315.04; 77996709.44; 82942308.33
item919; 127; 90888227.19; 35085134.03; 23859272.8
item920; 182; 246061839.03; 10370133.12; 21996121.27
item921; 433; 170846939.41; 28430127.91; 47264647.85
item922; 826; 13185732.89; 68087580.04; 81975699.37
item923; 409; 237564363.21; 57797585.3; 77583869.45
item924; 700; 188274202.63; 92078465.43; 10282643.81
item925; 988; 214736585.64; 252821.29; 31186943.69
item926; 132; 22034099.5; 16334452.56; 68095375.88
item927; 60; 230266194.59; 7331038.86; 18783553.97
item928; 978; 153106385.72; 49080920.53; 8430584.1
item929; 77; 237545244.59; 77944964.04; 67960851.99
item930; 852; 289758259.9; 78351192.16; 45398249.59
item931; 323; 202403628.08; 23660415.77; 12460305.31
item932; 192; 241185561.9; 20233123.03; 8379330.62
item933; 1023; 168871635.37; 48969666.63; 67399153.26
item934; 823; 83062502.13; 93920005.0; 30622870.35
item935; 114; 270137713.25; 83032486.48; 78349837.29
item936; 25; 347637383.26; 52653714.99; 83272699.56
item937; 834; 14750296.78; 80485174.2; 42221309.34
item938; 985; 329346841.91; 67531417.21; 87129701.09
item939; 9; 197112913.91; 10049106.63; 80069234.8
item940; 911; 151023472.98; 49226953.41; 7703340.78
item941; 207; 169786853.26; 78748312.41; 98647958.7
item942; 776; 284271319.44; 75452083.09; 67760817.85
item943; 251; 239594868.07; 86119321.06; 26120799.93
item944; 861; 301377358.15; 26763405.44; 78544085.86
item945; 649; 168570250.7; 53666798.02; 88581100.54
item946; 1179; 160773086.14; 91373124.19; 50047240.34
item947; 1016; 306843473.54; 60886335.28; 51698763.67
item948; 179; 262593522.82; 7194747.86; 57869877.85
item949; 736; 94352604.01; 6718422.14; 91620607.08
item950; 832; 124620417.8; 67404984.76; 83689609.14
item951; 133; 41321214.92; 25589542.51; 22933110.3
item952; 868; 342687123.14; 84630759.92; 4706661.97
item953; 1189; 132131110.74; 46399409.16; 43774743.83
item954; 439; 157265490.33; 72507698.75; 84012599.26
item955; 291; 61368774.24; 42363902.43; 38806755.59
item956; 784; 349749254.92; 55068733.19; 151490.98
item957; 164; 140092853.76; 96192750.75; 22748980.71
item958; 1237; 162160938.9; 67030038.49; 65061459.36
item959; 1135; 40978630.67; 36622371.48; 71611513.96
item960; 266; 85588957.81; 94544526.89; 40446744.83
item961; 830; 291618104.02; 58671163.53; 68085101.51
item962; 498; 70102437.06; 78038912.48; 38540978.27
item963; 558; 213920388.42; 78060041.41; 87484388.15
item964; 1236; 25692192.45; 43024522.38; 17905631.51
item965; 387; 100501818.75; 64607943.93; 68419656.7
item966; 1060; 60489405.96; 34458922.38; 17070827.8
item967; 595; 31292673.07; 73416561.72; 70184241.87
item968; 891; 97056915.08; 36445719.39; 31956482.54
item969; 115; 219261221.67; 5052747.65; 98446645.17
item970; 1155; 168421131.54; 50941099.36; 31282131.51
item971; 238; 215219132.0; 13482107.75; 53428004.13
item972; 139; 48746823.9; 74640128.96; 86715908.31
item973; 624; 158838534.92; 41147266.35; 16640792.03
item974; 891; 254770477.04; 36283078.31; 80423288.0
item975; 361; 322631259.01; 48011674.75; 21657813.51
item976; 590; 64310866.0; 22246314.15; 26180661.69
item977; 960; 174159807.18; 96814467.27; 28546455.59
item978; 946; 23768781.97; 48965091.64; 58126786.95
item979; 745; 293717530.23; 61335767.88; 69963651.58
item980; 396; 31392562.39; 13263370.08; 6972005.29
item981; 1091; 75272132.23; 69004096.99; 28170087.64
item982; 810; 280086655.48; 53838038.96; 66184893.74
item983; 881; 81148685.23; 99106383.62; 96671754.86
item984; 1153; 326443980.86; 63504236.46; 50494621.0
item985; 579; 124057100.48; 302743.87; 9532321.86
item986; 1146; 258110060.63; 77927275.04; 87687261.02
item987; 277; 155823566.32; 83731892.25; 1444397.45
item988; 1100; 257323504.14; 33780795.6; 51828729.05
item989; 1113; 67983379.42; 77759713.3; 45510093.4
item990; 1075; 109560424.79; 44977600.47; 47104510.0
item991; 405; 83686034.64; 31654551.06; 12241047.03
item992; 492; 344290119.4; 59042411.08; 73779008.43
item993; 927; 116956411.12; 88766564.36; 87084768.88
item994; 927; 119317040.15; 54637576.3; 53592514.35
item995; 985; 306913214.33; 1125655.06; 23805179.51
item996; 785; 196874815.16; 81260516.76; 90768880.38
item997; 877; 284191649.63; 16106457.5; 81408688.84
item998; 810; 310422086.62; 17004937.45; 65474460.93
item999; 953; 155243661.83; 78352788.18; 62631599.54
item1000; 887; 251174508.39; 7940118.53; 59243505.86
item1001; 624; 151291657.0; 81778854.74; 12749406.89
item1002; 831; 68540345.6; 78176788.42; 53796026.91
item1003; 1129; 281073896.14; 72179860.02; 83865424.71
item1004; 869; 329240938.88; 78719203.9; 94275754.85
item1005; 582; 100338909.13; 17591353.64; 843575.61
item1006; 852; 205720576.1; 14231098.53; 11991555.73
item1007; 520; 330178804.13; 41542375.74; 51127414.56
item1008; 436; 93728351.44; 62904333.13; 6283765.51
item1009; 979; 152244814.09; 52130468.9; 15438651.73
item1010; 1038; 293108291.57; 58637280.42; 26202956.33
item1011; 1178; 317843839.32; 36909952.81; 87006206.04
item1012; 413; 229582605.67; 95064008.36; 30352318.39
item1013; 796; 323660746.11; 20204543.09; 41603138.76
item1014; 914; 179716882.06; 55849289.06; 24697577.99
item1015; 187; 16275176.76; 28412560.16; 18196445.02
item1016; 1253; 195035194.52; 90326861.8; 61966793.85
item1017; 744; 216605487.92; 72732121.4; 95077700.34
item1018; 1215; 169714821.97; 5224602.23; 81538041.06
item1019; 954; 282277006.17; 48876324.41; 91733287.03
item1020; 297; 354127937.74; 62103895.08; 43314180.51
item1021; 870; 57841542.5; 59112151.01; 76922451.8
item1022; 1181; 30245183.82; 61460934.61; 69058015.22
item1023; 787; 299345.88; 17434272.69; 5809489.21
item1024; 313; 288718599.04; 51158602.57; 15155463.05
item1025; 298; 157219406.74; 60755135.96; 95685721.99
item1026; 1042; 237196546.39; 59990922.58; 71031550.0
item1027; 79; 195739409.54; 50637911.23; 56162505.07
item1028; 53; 146295556.3; 65306707.04; 34043255.67
item1029; 602; 12588915.93; 30916581.03; 30013095.19
item1030; 1029; 121064158.82; 75221265.81; 76156832.07
item1031; 149; 342935056.89; 54459448.59; 75769761.84
item1032; 387; 3216529.43; 43520281.5; 16784362.93
item1033; 180; 354511213.38; 31960376.98; 61126441.6
item1034; 1088; 273019295.78; 40432312.63; 83564633.56
item1035; 459; 355540269.24; 70893220.35; 23595285.8
item1036; 260; 109764611.58; 71064502.51; 92415723.36
item1037; 186; 29751812.71; 85048533.76; 78462730.86
item1038; 776; 119684439.79; 32424557.93; 58897782.38
item1039; 444; 260153507.03; 88153349.26; 60075059.75
item1040; 964; 160081699.02; 75615260.52; 57649194.98
item1041; 1090; 44336334.62; 60661307.23; 18801021.7
item1042; 132; 172089623.68; 56056304.41; 6405109.06
item1043; 916; 352282115.59; 54058131.26; 40479188.17
item1044; 195; 88926266.52; 2943757.11; 66910517.31
item1045; 53; 66201785.93; 98046014.0; 66935110.07
item1046; 976; 144395086.84; 11033413.78; 56182552.45
item1047; 1050; 297330502.16; 24507647.23; 62590699.53
item1048; 967; 70979524.74; 38304565.37; 20908146.3
item1049; 1071; 162374074.92; 72613335.15; 52875048.64
item1050; 425; 310705220.78; 21354023.67; 93613994.87
item1051; 954; 9241663.09; 44846229.02; 6088536.93
item1052; 275; 24793947.25; 51090751.66; 60859178.22
item1053; 616; 196349581.15; 25297067.98; 41064994.7
item1054; 234; 210435068.86; 75141837.31; 76573509.51
item1055; 1192; 147887440.92; 52304829.4; 45091011.15
item1056; 332; 235406547.48; 57230489.03; 58755131.82
item1057; 216; 92362212.21; 59761102.44; 15497210.88
item1058; 741; 261607440.64; 95096695.03; 34311619.9
item1059; 579; 169332219.09; 85958416.27; 95632728.41
item1060; 167; 93951203.94; 97392068.62; 73688040.51
item1061; 368; 275785466.81; 56034059.61; 8291899.05
item1062; 742; 341044318.36; 54567032.47; 41143681.49
item1063; 899; 54984977.16; 29044744.09; 70427743.63
item1064; 774; 816926.83; 86500240.88; 16226146.27
item1065; 136; 328353966.68; 39274777.49; 86157685.74
item1066; 1; 339984836.97; 51030043.13; 33673578.48
item1067; 1059; 214771659.43; 44805135.85; 95888651.43
item1068; 510; 44576697.15; 97038409.06; 19448395.29
item1069; 3; 15314843.78; 81891590.55; 70475508.36
item1070; 826; 347207085.84; 61370504.9; 3645733.45
item1071; 207; 128830825.02; 64225257.95; 71080567.37
item1072; 246; 28804214.24; 35197260.81; 65966155.35
item1073; 1174; 142982313.04; 20243802.87; 40127712.73
item1074; 497; 297122681.43; 28900442.54; 81220405.97
item1075; 593; 3692915.7; 49219581.55; 39316943.1
item1076; 157; 115808790.38; 20828542.44; 15387201.94
item1077; 41; 207669552.77; 15390096.89; 42685335.69
item1078; 837; 167560655.21; 9276677.03; 58417567.22
item1079; 902; 308276050.32; 68819934.51; 67264013.79
item1080; 806; 171328711.99; 49271046.08; 20928102.85
item1081; 309; 232032634.54; 53767171.16; 40968810.56
item1082; 504; 108293203.22; 66811350.27; 92094211.75
item1083; 651; 48707978.81; 80375506.54; 34850256.26
item1084; 465; 184137107.63; 12491342.19; 71220324.45
item1085; 29; 80444800.9; 76702682.4; 8365246.37
item1086; 245; 115508851.68; 39371985.46; 70635569.55
item1087; 794; 167167499.29; 44917463.31; 61117561.53
item1088; 1253; 68504154.5; 45466478.58; 31640378.64
item1089; 914; 248821828.25; 63595703.0; 91019296.41
item1090; 1076; 248224765.36; 57428959.49; 81939704.89
item1091; 1152; 230931722.2; 56972699.76; 60254272.89
item1092; 736; 91531707.92; 75047821.99; 79069183.72
item1093; 1199; 250546848.56; 66754966.52; 37886281.2
item1094; 59; 305186822.12; 25486725.75; 77639253.34
item1095; 1069; 31719479.46; 36335414.65; 56724015.92
item1096; 230; 277775896.6; 65437582.78; 49805130.05
item1097; 351; 269390001.87; 26501556.67; 83359237.94
item1098; 465; 124692177.56; 52652698.71; 32932167.64
item1099; 10; 274591078.56; 1263147.0; 67451835.93
item1100; 1014; 9514069.64; 83104429.65; 79363621.54
item1101; 1231; 298477321.7; 78275504.56; 80601074.09
item1102; 948; 298955007.54; 39284176.59; 42284551.56
item1103; 56; 108434102.28; 97453365.4; 37712251.06
item1104; 827; 132218971.65; 77968441.78; 91792319.76
item1105; 773; 270419817.05; 92437990.69; 1188046.58
item1106; 347; 73504651.92; 36824534.19; 97815142.37
item1107; 1064; 70089752.94; 43476723.04; 33703594.88
item1108; 964; 297143090.26; 5366651.86; 87210774.9
item1109; 983; 344133390.92; 9094764.06; 59677645.1
item1110; 964; 187449880.45; 39287871.88; 43242732.63
item1111; 591; 176779827.74; 5372951.25; 22939904.25
item1112; 1211; 257964693.81; 13287230.99; 44643982.93
item1113; 436; 84544422.32; 24630582.49; 43076873.02
item1114; 1216; 293178050.93; 891675.23; 48186697.57
item1115; 523; 196741783.36; 20731218.35; 42965940.18
item1116; 619; 31075051.63; 65438636.99; 82222715.46
item1117; 292; 85322165.99; 78215202.62; 69659281.81
item1118; 773; 262905668.22; 74372094.35; 89661765.88
item1119; 836; 236151586.45; 27659393.8; 19643712.83
item1120; 11; 292740142.05; 87479408.26; 4602948.21
item1121; 179; 77953200.08; 72812785.18; 58574803.46
item1122; 773; 349050590.63; 21659933.12; 19715716.37
item1123; 951; 15139497.43; 72549381.43; 85149962.32
item1124; 45; 354098338.84; 76792439.77; 26791796.93
item1125; 566; 292909086.07; 18699917.73; 84402065.39
item1126; 1008; 332198092.98; 20415048.76; 36354023.92
item1127; 1139; 37994699.18; 23044270.25; 83252546.47
item1128; 1203; 112024928.36; 3550937.97; 33531402.66
item1129; 889; 254748798.62; 25617530.15; 34780061.29
item1130; 284; 225336201.24; 75221903.66; 72971252.49
item1131; 1234; 210396715.96; 62629946.0; 84630275.9
item1132; 604; 181100134.67; 51725832.07; 57168360.81
item1133; 48; 206071185.97; 24066865.93; 34390088.46
item1134; 1252; 130826495.45; 67348498.27; 6398964.62
item1135; 1171; 62249433.99; 92985261.73; 82955237.59
item1136; 321; 96357996.66; 1700558.59; 98705141.69
item1137; 705; 35943864.94; 96809488.92; 21364861.31
item1138; 368; 51740009.11; 45971358.45; 19575141.56
item1139; 683; 81627646.56; 18019576.3; 29693713.74
item1140; 818; 66407146.43; 53524046.5; 34692374.42
item1141; 1064; 301270529.88; 21086235.88; 15785837.32
item1142; 896; 214309949.22; 25652485.94; 4005179.7
item1143; 1045; 133034558.51; 61649627.36; 30006695.52
item1144; 872; 100525857.52; 27160245.95; 55884126.69
item1145; 205; 172686898.46; 89738145.04; 88144759.35
item1146; 697; 126364461.65; 81375286.61; 57205055.43
item1147; 418; 34950233.47; 72043315.07; 35329006.2
item1148; 359; 322806400.47; 19884656.25; 26174744.03
item1149; 323; 39442066.15; 14298815.25; 27635647.45
item1150; 18; 341900936.02; 77812470.81; 93454891.36
item1151; 446; 324900203.03; 66555673.18; 7332237.18
item1152; 1159; 219745312.26; 93139026.27; 98209228.69
item1153; 620; 24269950.33; 74575995.16; 14580555.56
item1154; 859; 94967874.82; 62626491.4; 32747142.29
item1155; 66; 6635046.64; 98362405.75; 72574595.6
item1156; 1116; 98112807.83; 86154175.41; 47250793.15
item1157; 518; 301038180.28; 94862754.62; 46344346.06
item1158; 817; 327965035.2; 6224994.59; 34058514.17
item1159; 751; 29645464.84; 45310683.13; 15537206.25
item1160; 554; 264110910.93; 9150891.94; 95395107.76
item1161; 803; 164795715.58; 69809502.64; 13052276.56
item1162; 475; 75567153.76; 87193931.99; 80902505.64
item1163; 514; 312178849.64; 92733292.11; 35128039.66
item1164; 371; 264059306.22; 95825037.23; 34048144.3
item1165; 1071; 273217264.58; 59089710.82; 54560831.18
item1166; 488; 151150963.4; 62466767.29; 21559463.17
item1167; 693; 252411544.28; 69379180.55; 97979292.51
item1168; 1258; 220875411.3; 17026517.06; 21085033.08
item1169; 110; 46398685.48; 62806405.36; 46365984.44
item1170; 687; 278041969.33; 29138119.65; 59179234.38
item1171; 150; 75028693.71; 88226057.85; 32749185.82
item1172; 814; 220982155.32; 44103597.87; 7748716.43
item1173; 935; 91663838.35; 12493048.6; 250485.73
item1174; 568; 34363370.35; 24264336.27; 86412889.48
item1175; 894; 249654298.8; 403185.82; 56292279.11
item1176; 937; 78960490.47; 65502896.85; 95814571.07
item1177; 880; 189201253.03; 23486295.71; 48125174.56
item1178; 477; 157273879.42; 59341338.57; 44457131.74
item1179; 406; 344923775.72; 59142607.99; 15185509.54
item1180; 841; 350991664.4; 93782243.45; 86078065.86
item1181; 1263; 269267382.95; 22613147.5; 15694331.76
item1182; 1193; 299329107.86; 49746380.14; 83454698.35
item1183; 183; 187430579.02; 12135618.94; 54341681.77
item1184; 661; 145667079.47; 72322137.32; 42559792.15
item1185; 31; 354877242.8; 10136516.38; 46080274.89
item1186; 792; 333420781.85; 11518006.47; 59465323.72
item1187; 47; 267342013.98; 42731668.0; 22008995.91
item1188; 37; 164336887.81; 43543644.11; 490056.34
item1189; 966; 339738138.47; 41712169.06; 34738984.2
item1190; 171; 249461788.15; 33513482.04; 43367729.87
item1191; 646; 248205195.32; 10148269.81; 74552846.72
item1192; 1244; 61560897.12; 56582039.24; 31965049.2
item1193; 431; 355187591.92; 44681410.41; 7671878.25
item1194; 525; 67663248.15; 26409708.24; 65265914.52
item1195; 579; 619685.47; 50791405.99; 2845737.24
item1196; 307; 127277184.75; 89092079.81; 81460671.47
item1197; 436; 105931587.67; 64700928.98; 11519587.92
item1198; 830; 171430318.03; 58970577.82; 72433021.05
item1199; 689; 243877432.86; 53850110.66; 82790159.74
item1200; 222; 61232455.02; 295489.97; 84406871.8
item1201; 1010; 112472398.19; 78843068.96; 14644049.98
item1202; 967; 332642886.28; 72094661.81; 52871838.63
item1203; 327; 82639950.32; 88940570.24; 36432035.9
item1204; 208; 6855674.38; 22392821.53; 54847316.63
item1205; 170; 227974834.65; 10368765.43; 26253389.78
item1206; 276; 262094848.22; 25762496.55; 67113404.19
item1207; 956; 267593975.61; 82075316.73; 24971033.91
item1208; 797; 195080755.24; 77022645.16; 33160979.89
item1209; 827; 312952626.03; 53352543.72; 44914779.92
item1210; 303; 344348315.81; 62227772.54; 75837903.6
item1211; 449; 74051398.53; 556510.1; 67334025.16
item1212; 479; 213250020.99; 53865758.75; 57480034.84
item1213; 690; 108501399.57; 73256245.6; 92662110.41
item1214; 474; 169815306.18; 22762633.88; 55121558.72
item1215; 1198; 147398395.08; 79582898.72; 60379573.87
item1216; 546; 132370831.32; 75975949.84; 5972807.87
item1217; 82; 73243728.32; 30174609.09; 50070637.27
item1218; 273; 317215221.97; 91900877.1; 46472070.6
item1219; 232; 224463927.8; 35581545.67; 60832222.05
item1220; 118; 6601844.49; 47122386.79; 33005339.27
item1221; 960; 331671163.81; 34787805.24; 51953294.96
item1222; 991; 282278919.88; 18451607.82; 51305019.54
item1223; 637; 216801467.46; 9540381.27; 49088040.14
item1224; 781; 8992398.28; 36006340.65; 4634386.59
item1225; 87; 786009.45; 53671063.28; 83885871.53
item1226; 248; 138301777.19; 89276462.79; 47712924.18
item1227; 1079; 19690753.19; 25636325.34; 26763176.42
item1228; 1175; 207302688.9; 56335103.84; 73888201.54
item1229; 1128; 131684040.83; 5599209.74; 4724801.73
item1230; 488; 18851212.42; 36142155.84; 68003472.99
item1231; 159; 124099657.07; 69110942.7; 19979342.76
item1232; 1180; 352629532.45; 61658387.48; 62220801.73
item1233; 631; 117812356.07; 23206699.18; 31264137.71
item1234; 939; 341068193.82; 47137313.76; 11283721.69
item1235; 208; 123832195.69; 56558670.2; 83067738.27
item1236; 1167; 309265284.81; 40489809.88; 15447495.5
item1237; 1256; 189603154.85; 27754626.42; 41274565.69
item1238; 215; 329967132.73; 88446237.79; 15319288.11
item1239; 402; 345433562.7; 43606569.42; 12170272.77
item1240; 1218; 126641000.59; 9027155.29; 86995298.55
item1241; 67; 37723858.45; 21223499.5; 15852855.22
item1242; 795; 266705361.16; 56672985.08; 21310891.75
item1243; 1224; 329925236.52; 84474493.0; 96062490.98
item1244; 303; 129811631.39; 49345275.95; 40163813.24
item1245; 121; 192775797.83; 15056285.89; 50156890.05
item1246; 67; 104147921.3; 37118267.63; 5719641.32
item1247; 1104; 83893688.78; 57062592.72; 37038653.16
item1248; 186; 149398754.66; 78016436.6; 54690562.78
item1249; 423; 159206884.33; 85358352.42; 33591476.4
item1250; 350; 339272025.72; 9491693.21; 49019606.58
item1251; 1108; 257688920.13; 54409987.16; 84983860.78
item1252; 627; 122548863.94; 10531398.32; 22781927.82
item1253; 915; 138015880.05; 42557327.79; 55155252.9
item1254; 563; 158050882.98; 44069655.24; 21630366.79
item1255; 550; 72946726.91; 23884273.3; 37919538.95
item1256; 843; 132278830.03; 89289034.91; 64768396.34
item1257; 13; 292062215.08; 16400629.64; 50315225.88
item1258; 648; 218306905.87; 24285159.96; 54390408.6
item1259; 855; 120396414.7; 2253972.39; 62048692.15
item1260; 720; 4351347.87; 62951526.12; 79226339.58
item1261; 295; 300438543.76; 82951785.64; 44860500.63
item1262; 743; 10645091.66; 1810976.79; 20247459.2
item1263; 1243; 204814083.39; 48740496.36; 10423163.36
item1264; 821; 65758596.03; 52726500.43; 86051594.97
item1265; 1120; 236517032.21; 9220389.11; 10307061.86
item1266; 402; 282167599.29; 4831465.96; 8945353.77
item1267; 911; 297366389.45; 53781634.23; 80538744.97
item1268; 549; 215690129.91; 4682329.49; 27221397.63
item1269; 275; 338799603.87; 85674239.24; 45261069.87
item1270; 759; 242919009.83; 16640571.16; 21608172.42
item1271; 256; 66831590.72; 31915067.67; 82416848.67
item1272; 556; 337736618.46; 70203944.62; 34457185.9
item1273; 1051; 160125198.77; 47090029.78; 29494661.27
item1274; 53; 91181021.38; 5739621.5; 43560705.46
item1275; 543; 353520778.87; 9280658.03; 33469023.45
item1276; 200; 144806901.29; 40015370.99; 77314992.04
item1277; 386; 21759168.72; 55502662.47; 9470663.76
item1278; 1193; 198758707.21; 62529604.99; 50935069.89
item1279; 193; 190219668.93; 79593592.17; 77351597.23
item1280; 1132; 354286953.45; 9823470.81; 74649726.59
item1281; 1192; 238382942.15; 11963910.99; 43718611.33
item1282; 404; 263592492.84; 49328629.33; 28230341.6
item1283; 451; 295612625.79; 61133038.74; 62527540.78
item1284; 398; 67971051.46; 20989213.3; 62712266.62
item1285; 192; 289546257.38; 60795888.43; 2824389.15
item1286; 966; 184138882.9; 54271941.91; 37984768.61
item1287; 716; 94883101.5; 16841918.9; 79834968.32
item1288; 1051; 289602096.25; 93066485.21; 26528349.84
item1289; 721; 237033033.48; 35740605.91; 20493601.72
item1290; 1183; 346151136.63; 73326282.24; 30946397.15
item1291; 189; 234051282.74; 84076048.55; 94067002.32
item1292; 745; 163556419.12; 64903463.49; 19044703.57
item1293; 1046; 48507033.82; 8447627.8; 62703346.12
item1294; 48; 50267454.59; 90652547.51; 87209513.46
item1295; 1168; 79486115.38; 5957780.26; 82136625.12
item1296; 799; 273678543.52; 21649741.39; 27437640.63
item1297; 111; 348818354.09; 69665507.11; 89347421.98
item1298; 1149; 333397805.19; 74863321.12; 76279483.77
item1299; 260; 174058294.74; 46128528.27; 58789276.6
item1300; 134; 251771782.06; 21175443.89; 46506358.4
item1301; 380; 221875459.46; 36866507.3; 87024935.1
item1302; 726; 140587681.11; 13121278.87; 20254951.95
item1303; 712; 336865103.74; 58818038.89; 29904773.25
item1304; 1243; 141235740.83; 47798389.26; 56320695.01
item1305; 228; 347749532.29; 52195994.75; 12226913.13
item1306; 334; 354229450.76; 18227936.0; 54604136.51
item1307; 1114; 177324607.83; 93399896.71; 53494041.47
item1308; 637; 60225413.88; 41772052.1; 14120636.88
item1309; 609; 285449028.92; 61390274.78; 60345881.74
item1310; 856; 96886270.53; 70536228.74; 24548488.48
item1311; 1; 213053349.64; 44590010.59; 46593125.69
item1312; 960; 65042536.55; 95048129.73; 29678607.15
item1313; 709; 268990917.84; 6526859.2; 52296951.36
item1314; 31; 334344721.43; 49369284.69; 2803316.08
item1315; 428; 89379164.66; 27791664.95; 46918675.18
item1316; 426; 133363125.19; 29491230.36; 85258593.87
item1317; 1263; 171126073.69; 16889700.47; 90158675.65
item1318; 579; 97959883.56; 8190548.36; 50115084.02
item1319; 157; 162064673.05; 64414639.28; 88769810.2
item1320; 570; 226020917.25; 76768718.87; 73408784.21
item1321; 1114; 286117942.23; 16968066.3; 70468066.39
item1322; 868; 55080494.53; 87581722.94; 32499306.66
item1323; 441; 308996002.65; 48736702.74; 58914905.64
item1324; 584; 122087325.28; 89959016.55; 50446816.3
item1325; 87; 193883847.45; 63786082.45; 11172475.12
item1326; 57; 14258134.25; 82443151.35; 73857877.8
item1327; 921; 43040248.94; 16823310.3; 80993690.69
item1328; 585; 219875105.44; 21242533.08; 44426211.44
item1329; 808; 166013788.48; 6794129.66; 36202362.16
item1330; 517; 213952817.4; 39164372.43; 93432375.54
item1331; 855; 21310091.86; 20769672.23; 21885830.47
item1332; 502; 211558488.07; 12700862.88; 42597423.15
item1333; 618; 29732942.24; 45202676.83; 65922342.83
item1334; 425; 49542504.55; 9171127.09; 4202996.13
item1335; 398; 309935919.57; 58798656.9; 44758797.58
item1336; 408; 126403038.47; 1200322.5; 10935933.96
item1337; 105; 167654260.44; 87330418.99; 50188816.11
item1338; 1122; 19492430.05; 68921081.04; 8867724.93
item1339; 1132; 73677369.36; 24283906.06; 30681915.46
item1340; 710; 113580142.08; 4623917.88; 87160977.03
item1341; 206; 112075543.51; 56958633.76; 49650058.39
item1342; 777; 276431640.1; 69910736.39; 4909956.96
item1343; 967; 58834656.96; 23889502.38; 51946695.13
item1344; 878; 11320611.2; 63085677.21; 39251179.22
item1345; 375; 336677369.8; 31032923.11; 94279041.93
item1346; 1094; 274044884.53; 20842942.6; 62209746.87
item1347; 773; 53613329.7; 79207463.24; 72299538.71
item1348; 262; 285578060.94; 57369052.85; 85287132.84
item1349; 470; 31522145.37; 46634249.47; 79347075.35
item1350; 449; 335546338.45; 28596835.59; 95271654.02
item1351; 833; 122592192.39; 52161838.83; 33290629.9
item1352; 632; 154818149.07; 271808.45; 34417558.3
item1353; 773; 44068053.65; 26918148.22; 3354975.02
item1354; 133; 293511745.94; 71943192.77; 11738422.84
item1355; 530; 259597168.19; 96139474.31; 60355417.21
item1356; 217; 251380658.35; 35158455.51; 37260108.65
item1357; 1163; 207898686.22; 10453458.62; 64278588.8
item1358; 868; 59921144.3; 409654.05; 20403650.14
item1359; 425; 183746718.37; 58539182.36; 1780807.56
item1360; 237; 90030060.52; 22322925.12; 32398426.57
item1361; 354; 16777821.51; 83553390.97; 26913903.99
item1362; 161; 218316682.73; 55284790.79; 47768265.02
item1363; 1133; 284260573.33; 312256.98; 99178896.5
item1364; 897; 95344739.89; 12304801.13; 32782921.3
item1365; 217; 137498457.15; 96853613.5; 37144904.92
item1366; 890; 46034239.37; 66118603.8; 53152400.38
item1367; 996; 93404594.49; 7385226.36; 92860901.45
item1368; 414; 98892833.27; 10814440.07; 17637683.28
item1369; 584; 206423092.73; 67261194.1; 74792553.19
item1370; 1207; 48693224.17; 26640758.87; 55049389.12
item1371; 200; 238656422.58; 3154668.07; 25126184.14
item1372; 995; 128388247.21; 95283275.1; 40178964.15
item1373; 1005; 349454667.1; 17600300.76; 86386680.34
item1374; 790; 47521088.98; 27791729.28; 29893567.67
item1375; 24; 33493238.26; 23528988.56; 45098082.43
item1376; 720; 95467896.9; 17737031.53; 11344827.18
item1377; 662; 166562574.21; 87312817.15; 20219548.46
item1378; 732; 191144390.19; 75451450.94; 32711960.11
item1379; 121; 59500260.31; 50915773.58; 85777120.24
item1380; 1218; 21929561.97; 17936461.3; 68818208.88
item1381; 747; 342905312.38; 94495026.77; 32465342.75
item1382; 388; 136396810.44; 19125840.44; 52411471.8
item1383; 294; 357128137.86; 70537840.95; 11067209.14
item1384; 1043; 339453755.46; 20399996.37; 15477219.15
item1385; 945; 180471641.78; 7974606.59; 635744.22
item1386; 642; 45067995.66; 84435227.83; 65567627.16
item1387; 203; 278194999.31; 71312046.25; 28608210.75
item1388; 850; 32257280.3; 38279980.37; 47944024.11
item1389; 572; 56953840.08; 48641016.21; 20687112.35
item1390; 1008; 50276481.67; 23269631.65; 85826942.79
item1391; 1230; 344413204.58; 37625814.96; 33185140.53
item1392; 771; 270168866.98; 24575624.3; 57434229.49
item1393; 1011; 161692860.06; 16733931.84; 67136205.73
item1394; 44; 25861981.54; 17277824.39; 85755438.44
item1395; 1172; 279923524.76; 48621019.73; 13703269.97
item1396; 909; 33137221.22; 75239765.54; 98945908.1
item1397; 362; 325156313.79; 65595326.4; 41074609.63
item1398; 1213; 133435036.71; 57025442.76; 19209249.95
item1399; 968; 321529436.75; 93084933.95; 6738662.91
item1400; 1204; 167431069.52; 83388139.4; 82011972.11
item1401; 56; 121424339.82; 94789075.09; 18825769.24
item1402; 1110; 218911641.58; 25518369.26; 22413628.59
item1403; 620; 343567947.92; 35039130.75; 6822985.83
item1404; 356; 274594674.18; 28478571.89; 35650247.04
item1405; 1232; 191229456.79; 43443029.55; 78759056.04
item1406; 1085; 274927988.11; 56966842.71; 81012659.84
item1407; 297; 174378219.05; 98170870.25; 33856875.47
item1408; 370; 140484204.5; 30225554.65; 77342320.35
item1409; 372; 339171532.7; 9907747.42; 78806321.46
item1410; 963; 195619212.17; 22475490.18; 53562796.73
item1411; 958; 19701588.91; 43328461.62; 3850398.47
item1412; 1118; 169153778.84; 9135984.5; 53429456.43
item1413; 1009; 277951936.65; 83858802.9; 63464229.33
item1414; 245; 194763668.99; 26094079.96; 39380230.64
item1415; 719; 281511041.45; 38971837.62; 79389774.88
item1416; 271; 216075846.16; 98852473.46; 81050692.92
item1417; 825; 258888368.83; 63445712.6; 46495907.81
item1418; 134; 206148976.01; 61428625.81; 2940657.23
item1419; 249; 15929008.77; 3016084.35; 45395651.09
item1420; 902; 333907825.85; 32132129.58; 66545122.16
item1421; 602; 275679574.36; 46254585.93; 14658963.85
item1422; 1208; 319012822.99; 74930200.05; 23046113.25
item1423; 1240; 211595455.64; 99263777.45; 5942282.7
item1424; 620; 251620923.24; 60633243.92; 31525670.61
item1425; 1039; 125311456.18; 30254617.64; 27777531.66
item1426; 832; 316051371.87; 22453203.46; 1146547.34
item1427; 643; 76024971.52; 36868973.74; 59823485.91
item1428; 139; 352708.01; 13877808.18; 23293296.46
item1429; 1137; 335213167.63; 63389299.19; 40462040.76
item1430; 765; 73759678.37; 10353838.98; 40202188.57
item1431; 845; 80195600.48; 82794230.04; 17939338.51
item1432; 537; 158452721.34; 44218764.64; 86628946.16
item1433; 521; 66449382.23; 36308833.72; 90403003.95
item1434; 1260; 5574050.64; 87796240.49; 78697267.41
item1435; 878; 355227212.44; 65535307.29; 21094348.88
item1436; 549; 353551143.11; 75762615.1; 39318357.77
item1437; 649; 32547251.54; 3062170.62; 11345443.83
item1438; 898; 133769006.11; 16258214.19; 54812346.88
item1439; 405; 191913085.12; 2850244.05; 82502391.64
item1440; 274; 132440836.65; 15777856.09; 89977226.19
item1441; 774; 271952025.95; 71811017.85; 34708287.85
item1442; 16; 148145500.74; 83543646.2; 59721089.39
item1443; 706; 63253505.19; 8452032.37; 68766186.88
item1444; 356; 275457547.51; 73578323.6; 88708508.69
item1445; 1064; 246777667.1; 4601766.38; 49091279.69
item1446; 1141; 288751740.32; 29483515.28; 19492182.07
item1447; 283; 274689469.07; 96847438.09; 20677798.24
item1448; 128; 56929638.32; 91248167.45; 86639505.87
item1449; 239; 338792758.78; 98470493.92; 58569653.78
item1450; 462; 186552208.33; 26813156.57; 79947438.48
item1451; 1195; 232722343.34; 26202699.31; 9071814.37
item1452; 1251; 78444230.18; 83396797.37; 6702874.8
item1453; 929; 356820376.6; 76151376.71; 71696936.48
item1454; 551; 244275926.48; 83025549.96; 33404978.01
item1455; 707; 196229938.38; 3020530.96; 46850156.21
item1456; 656; 69901300.45; 32745082.82; 62509359.96
item1457; 261; 99669609.49; 9987851.95; 1913080.57
item1458; 1157; 203845679.64; 73500321.39; 87919870.74
item1459; 1113; 125537658.27; 11837659.81; 71894543.35
item1460; 862; 144733187.44; 72667167.5; 88654533.45
item1461; 661; 219735220.4; 17626400.93; 52981920.08
item1462; 474; 203198067.82; 55205334.21; 8663651.9
item1463; 427; 251523463.72; 88913882.89; 49353615.75
item1464; 891; 263778766.02; 40610451.63; 57244207.2
item1465; 446; 111701797.6; 77437976.06; 85814159.7
item1466; 1106; 53643652.1; 52100604.55; 77142127.48
item1467; 898; 141092323.41; 37163773.09; 52848291.24
item1468; 533; 292383579.44; 82139049.97; 9355901.97
item1469; 818; 261284757.03; 92092406.37; 70807705.09
item1470; 930; 17794550.35; 60488395.69; 28514130.28
item1471; 442; 96372366.4; 34852227.47; 55223946.72
item1472; 131; 242241517.32; 72307632.38; 3105055.23
item1473; 885; 135728467.04; 27561908.13; 67584828.82
item1474; 111; 44336695.11; 89983509.8; 26932029.48
item1475; 230; 134224981.95; 85621144.74; 25221013.69
item1476; 1053; 340960289.27; 24214988.45; 27674465.27
item1477; 252; 110227038.82; 64938669.41; 42330.75
item1478; 784; 287195507.47; 54948567.48; 41432618.03
item1479; 471; 281570325.63; 53723515.44; 21683886.94
item1480; 562; 200162672.43; 31074194.32; 61449704.75
item1481; 1258; 190239643.75; 45368956.76; 97170574.01
item1482; 1086; 337884461.62; 15851656.0; 78255399.84
item1483; 435; 335740382.84; 91378567.32; 2431243.49
item1484; 935; 300556591.24; 53682082.86; 63688742.14
item1485; 943; 151895144.55; 88361657.92; 15875564.47
item1486; 998; 148436086.74; 63153880.25; 61875308.5
item1487; 1230; 264026857.79; 2167859.85; 50521098.41
item1488; 1113; 52083341.71; 10854611.84; 25635897.71
item1489; 703; 352648048.71; 44421306.01; 53071260.83
item1490; 102; 314815790.49; 39355341.22; 5089979.26
item1491; 1223; 246766860.82; 88338592.71; 34800920.96
item1492; 644; 313242419.96; 50367158.22; 91842618.67
item1493; 792; 88316167.53; 9131761.14; 96081812.73
item1494; 559; 145873143.75; 73096552.46; 29762720.09
item1495; 210; 160222652.36; 21336862.26; 29678599.66
item1496; 1247; 159220671.04; 97294417.75; 78624763.87
item1497; 1085; 305571919.95; 56492636.29; 11264290.24
item1498; 236; 316904626.32; 49950332.34; 75826397.27
item1499; 757; 298696544.59; 28806293.39; 91908867.35
item1500; 187; 347370901.28; 94376995.47; 77749727.36
item1501; 411; 252933648.49; 4847431.16; 37876946.78
item1502; 233; 285097567.74; 93572769.65; 59305423.96
item1503; 920; 56604954.85; 50978707.28; 39085602.38
item1504; 1072; 10063209.79; 75509406.02; 89653494.03
item1505; 382; 282632523.23; 6742376.95; 40753209.07
item1506; 141; 208139369.19; 56839777.38; 30983923.69
item1507; 1119; 275682151.2; 62171224.22; 4772638.9
item1508; 1245; 120831301.06; 40145031.0; 48206908.33
item1509; 570; 7650644.59; 62628795.89; 55576124.64
item1510; 884; 110259005.08; 27416376.94; 33498423.78
item1511; 269; 78434209.68; 82403137.39; 38745509.86
item1512; 710; 110189988.95; 47079748.76; 49046558.46
item1513; 262; 346543223.15; 30673782.76; 38407211.71
item1514; 720; 205786093.89; 71992019.74; 55120086.13
item1515; 541; 134949489.92; 18647896.16; 30477744.51
item1516; 528; 7693746.83; 66615748.33; 96008398.46
item1517; 810; 170528542.56; 27157659.92; 40119861.03
item1518; 189; 310857074.65; 82358854.65; 53902716.23
item1519; 96; 64995666.94; 1425434.65; 2060979.32
item1520; 1143; 276691116.87; 1837284.48; 80763117.61
item1521; 352; 156028970.64; 28869188.76; 22076508.5
item1522; 260; 349064516.05; 36811786.65; 89244530.29
item1523; 874; 334279133.02; 91293031.42; 29960928.73
item1524; 480; 276178238.13; 70489042.94; 63506000.63
item1525; 1239; 322777143.56; 70167166.3; 416151.18
item1526; 550; 262765493.13; 70210795.26; 53162157.05
item1527; 778; 17618214.0; 92239944.28; 69590859.97
item1528; 938; 329665775.08; 69895917.35; 30624763.64
item1529; 923; 343986986.29; 1723107.6; 44935766.06
item1530; 907; 342959630.58; 18948810.5; 80899281.01
item1531; 450; 208273158.31; 55812600.86; 55378098.72
item1532; 738; 173453281.66; 24034446.81; 5854533.66
item1533; 537; 72676251.33; 40037268.14; 33744993.86
item1534; 536; 278033356.23; 7305391.64; 9649906.51
item1535; 500; 261084874.51; 84383276.83; 37216622.44
item1536; 486; 245461168.1; 80516763.27; 26215833.09
item1537; 817; 93485796.62; 77365063.99; 78129495.6
item1538; 752; 149185737.02; 9930499.54; 19504364.22
item1539; 449; 318635528.86; 91300984.65; 48036193.3
item1540; 231; 172861546.88; 53664225.59; 9787422.96
item1541; 712; 333331305.21; 46724071.03; 15168659.9
item1542; 480; 327212992.43; 18798216.39; 40630881.41
item1543; 1259; 197245686.03; 41147216.49; 64826561.62
item1544; 1029; 210595675.62; 12173023.19; 98504167.34
item1545; 1008; 8119423.43; 4978759.11; 98765091.63
item1546; 1116; 181232696.53; 43982298.96; 30429666.84
item1547; 1087; 208352043.75; 30251943.04; 38964408.2
item1548; 599; 330700537.83; 31463087.41; 66894072.68
item1549; 886; 683286.7; 24577459.94; 80134487.95
item1550; 890; 264011989.42; 63884882.7; 77740027.01
item1551; 349; 139578661.05; 95634047.08; 23699358.42
item1552; 408; 85473684.83; 2573375.73; 92141270.06
item1553; 116; 348877737.85; 45379897.82; 67887052.87
item1554; 850; 65983925.27; 43577804.83; 23224820.7
item1555; 452; 116764175.79; 67202947.58; 59581920.39
item1556; 234; 261692169.45; 29572566.6; 77130288.87
item1557; 252; 172411074.74; 51675224.92; 79783487.89
item1558; 876; 124799829.76; 7494545.27; 38928417.99
item1559; 260; 1367372.28; 69179027.65; 73989803.21
item1560; 101; 7823786.32; 67210295.85; 47292424.59
item1561; 847; 159661116.5; 11828879.23; 27229633.35
item1562; 346; 356004242.36; 96779180.27; 15953100.26
item1563; 357; 76981477.13; 3095598.74; 17136953.83
item1564; 243; 157680159.81; 3889219.68; 8342138.96
item1565; 488; 250242010.31; 16121615.26; 70527099.59
item1566; 835; 127596763.11; 30223648.75; 14198078.83
item1567; 265; 232917183.37; 12467695.12; 5784011.15
item1568; 429; 229625665.9; 88379604.47; 68431116.46
item1569; 37; 150446842.86; 61131365.28; 25217544.22
item1570; 771; 282425849.21; 36503733.66; 50496724.99
item1571; 250; 64477255.52; 96505203.8; 92743210.44
item1572; 1079; 201869928.95; 60870325.98; 47523208.1
item1573; 71; 198125179.09; 7097488.16; 34720381.54
item1574; 356; 322051695.51; 26213511.72; 85066178.45
item1575; 1187; 248626885.88; 77373729.68; 71716895.76
item1576; 1151; 193278070.14; 29792403.65; 41955138.57
item1577; 35; 75445192.47; 23222657.1; 67256928.82
item1578; 250; 336207751.64; 8163646.21; 55841430.36
item1579; 961; 242416830.66; 15415380.76; 50050712.6
item1580; 481; 163508317.38; 28468869.65; 35449366.35
item1581; 1072; 70391083.82; 2813647.95; 89137622.78
item1582; 22; 332650301.12; 82716924.41; 82542861.09
item1583; 824; 274761888.27; 3869201.9; 78780602.91
item1584; 1006; 11049904.34; 88315256.26; 36312953.9
item1585; 473; 174125283.54; 89973477.85; 17324037.78
item1586; 227; 234395211.15; 13650220.3; 31508321.65
item1587; 709; 132843155.98; 87668474.6; 61645872.47
item1588; 1076; 297733056.92; 56288096.38; 98755164.82
item1589; 1107; 45414247.64; 36711503.17; 37827229.24
item1590; 437; 239729151.48; 51287729.53; 9839304.51
item1591; 687; 1587950.71; 44844472.04; 39792458.18
item1592; 956; 28326324.23; 58833614.57; 65104119.77
item1593; 371; 280199919.35; 79946122.68; 7296881.07
item1594; 500; 53313253.64; 27725171.63; 33736850.87
item1595; 184; 126622292.0; 22466407.73; 75399820.51
item1596; 630; 4797744.07; 70835127.45; 63296783.07
item1597; 231; 305645505.54; 89777606.08; 46842798.13
item1598; 1049; 121816117.4; 82052899.76; 46132813.93
item1599; 465; 203388664.47; 2769340.36; 24824288.93
item1600; 675; 225721149.78; 34720186.6; 45649869.44
item1601; 1078; 304143430.57; 54176285.8; 74815685.41
item1602; 1093; 127106540.45; 29007560.63; 65349596.0
item1603; 126; 121865945.7; 74411003.18; 41179215.68
item1604; 688; 204894332.06; 73917334.73; 60549873.27
item1605; 636; 61135593.53; 67673824.66; 11173830.1
item1606; 136; 177254964.33; 19716291.73; 90828759.9
item1607; 56; 327608602.06; 43787554.32; 66338881.33
item1608; 757; 115848251.62; 80648909.74; 29965143.16
item1609; 873; 204723799.64; 48416195.82; 26737318.47
item1610; 262; 303832476.51; 31235699.69; 19652748.31
item1611; 566; 267245463.63; 32344232.16; 55105888.34
item1612; 186; 263735446.94; 89304438.89; 17763997.92
item1613; 905; 120690225.0; 66300427.34; 64856818.7
item1614; 259; 73443095.54; 36670879.3; 86164735.54
item1615; 291; 138609179.22; 91331778.16; 89665072.97
item1616; 345; 259829724.96; 1832563.63; 5816986.29
item1617; 111; 288970477.82; 49745734.59; 63565116.93
item1618; 632; 65780082.02; 34183301.59; 8176393.65
item1619; 828; 327983259.97; 43779131.69; 58898773.74
item1620; 669; 161949440.21; 87744334.46; 61035704.95
item1621; 436; 182464725.49; 35911143.4; 86669290.81
item1622; 48; 126751488.45; 70288491.93; 14502698.35
item1623; 1260; 84387790.48; 31932807.9; 84326681.34
item1624; 487; 15688112.29; 61956057.78; 5171074.26
item1625; 415; 171575419.0; 63855679.95; 55267414.57
item1626; 776; 125151673.84; 56716017.45; 32949963.24
item1627; 289; 343469667.85; 51169781.79; 22253758.04
item1628; 1206; 234910867.76; 93105363.6; 36813015.06
item1629; 1253; 348868491.69; 64340676.34; 3732934.91
item1630; 531; 219182438.9; 61428399.1; 79762980.06
item1631; 1013; 343665432.1; 88499457.06; 52602538.91
item1632; 634; 279216754.79; 40009926.41; 34451927.97
item1633; 184; 315765602.05; 8547526.37; 49237681.63
item1634; 283; 212855870.05; 41258591.99; 66202366.78
item1635; 67; 341771917.33; 33685660.44; 93626453.24
item1636; 710; 117665540.11; 50108485.84; 67045222.52
item1637; 174; 199033449.44; 98083214.45; 10109871.91
item1638; 73; 7802151.74; 57202944.84; 18795921.6
item1639; 258; 203622736.91; 56312242.07; 33425873.47
item1640; 10; 112221903.61; 10985641.03; 77547642.73
item1641; 1184; 48805456.25; 28149000.68; 61900566.04
item1642; 1130; 233117070.08; 10105727.14; 11843545.43
item1643; 977; 24737786.73; 70674053.27; 98640499.82
item1644; 1068; 55441829.86; 90045023.18; 23798126.39
item1645; 687; 337563290.92; 82920906.21; 1560154.55
item1646; 700; 252339267.88; 78756413.29; 62625233.29
item1647; 400; 198203310.96; 63430766.9; 55631763.0
item1648; 255; 226656630.4; 8837688.45; 68460542.24
item1649; 614; 84302119.87; 52680163.99; 61428126.17
item1650; 189; 165791136.04; 30702379.99; 3909784.88
item1651; 164; 272598554.28; 68348961.03; 65330755.88
item1652; 1153; 204743786.22; 89756618.77; 15825279.52
item1653; 1187; 300601244.01; 42134642.5; 81763018.17
item1654; 645; 348525203.16; 84248557.25; 18376221.11
item1655; 960; 111806748.67; 40244837.37; 2975201.9
item1656; 1027; 319199318.15; 59362653.93; 30997543.33
item1657; 912; 158518658.11; 56188853.86; 63602514.04
item1658; 205; 258950869.75; 48440906.89; 82498649.28
item1659; 867; 250644848.91; 81351721.37; 46531387.77
item1660; 1235; 293577288.96; 57425041.94; 60603152.02
item1661; 1154; 108203616.3; 22957468.16; 2255657.02
item1662; 126; 200362144.25; 38498217.41; 59692696.68
item1663; 25; 268730577.55; 2056171.02; 2404982.48
item1664; 763; 120838399.13; 64836070.22; 33079144.5
item1665; 952; 19742626.7; 80221763.76; 13578231.95
item1666; 269; 4388951.73; 65401205.42; 69127371.85
item1667; 596; 51854063.1; 6539079.47; 88490444.28
item1668; 584; 305887274.2; 13909845.24; 71919641.38
item1669; 524; 72461782.95; 79308229.78; 48765980.88
item1670; 1137; 3134446.35; 42922644.51; 97660978.84
item1671; 1176; 349658475.89; 9072230.59; 48600721.75
item1672; 371; 8412648.5; 27793656.16; 80830753.39
item1673; 1019; 346319805.78; 16604514.25; 17243382.32
item1674; 881; 134682786.05; 89038730.24; 42440129.05
item1675; 405; 196684891.45; 7973721.13; 71684231.79
item1676; 766; 27585492.5; 8565.76; 25146741.74
item1677; 937; 344953480.73; 38547742.74; 8972101.22
item1678; 403; 268198135.37; 17340729.4; 58962923.46
item1679; 36; 64768780.06; 43212119.62; 79302613.03
item1680; 643; 174064225.96; 26251017.61; 78822931.48
item1681; 789; 100333640.64; 62869215.02; 77785439.5
item1682; 442; 318490679.92; 71189151.26; 23217633.74
item1683; 1006; 138120107.12; 53684882.23; 27852426.25
item1684; 277; 99279249.74; 67878809.59; 74512322.21
416, 960, 611, 1061, 211, 1193, 1067, 237, 1043, 1080, 729, 1050, 156
1152, 128, 515, 263, 776, 138, 269, 216, 530, 789, 661, 662, 408, 793, 1178, 283, 415, 1064, 732, 688, 440, 188, 832, 971, 1232, 56, 211, 981, 1110, 88, 988, 350, 356, 873, 1132, 496, 242, 1012, 917
88, 40, 1243
833, 964, 486, 385, 744, 361, 1143, 141, 721, 1075, 20, 745, 346
514, 389, 400, 785, 275, 1187, 1191, 41, 429, 559, 689, 313, 713, 803, 468, 600, 603, 480, 1253, 1005, 369, 1016, 889, 1018
1025, 11, 524, 530, 1043, 20, 1050, 1051, 35, 36, 556, 1072, 562, 1076, 568, 572, 66, 1097, 361, 119, 121, 634, 133, 1161, 143, 659, 156, 158, 1183, 164, 686, 687, 689, 179, 1205, 183, 1208, 884, 186, 700, 189, 1216, 706, 1219, 196, 709, 200, 206, 208, 211, 730, 222, 736, 1253, 1263, 753, 759, 771, 773, 267, 784, 277, 279, 794, 303, 820, 649, 312, 835, 327, 328, 340, 1084, 370, 372, 380, 385, 387, 388, 908, 918, 407, 413, 425, 946, 443, 956, 960, 449, 968, 465, 990, 486, 492, 1005, 1008, 1009, 501, 1016, 510
385, 1158, 7, 267, 654, 20, 408, 794, 156, 158, 550, 39, 682, 519, 304, 698, 843, 333, 1230, 720, 337, 1236, 342, 465, 105, 620, 1137, 371, 1144, 377, 636, 126
131, 773, 391, 405, 492, 471, 142, 877, 277, 790, 535, 158, 837, 800, 418, 164, 1061, 406, 1191, 809, 810, 556, 304, 709, 186, 954, 571, 958, 960, 961, 1163, 580, 965, 200, 843, 76, 1232, 220, 469, 86, 855, 1113, 1116, 442, 350, 208, 1122, 484, 745, 236, 1005, 111, 1137, 242, 190, 170, 639, 1149, 254, 1237
596, 251, 772, 174, 1151
516, 1029, 262, 776, 658, 406, 541, 1055, 804, 167, 552, 810, 114, 698, 415, 850, 1085, 1091, 591, 1234, 215, 602, 1192, 222, 1122, 868, 1128, 619, 82, 488, 242, 631
1, 11, 19, 20, 533, 1048, 602, 31, 33, 556, 45, 562, 572, 1091, 1098, 591, 1108, 86, 1114, 1119, 1122, 101, 1136, 1137, 114, 1043, 1143, 635, 125, 645, 1163, 141, 142, 1171, 660, 1184, 164, 166, 1192, 689, 179, 693, 1216, 706, 195, 709, 203, 720, 216, 732, 208, 744, 235, 1262, 758, 763, 252, 260, 773, 785, 277, 282, 285, 819, 820, 261, 837, 843, 333, 850, 361, 362, 877, 878, 883, 884, 886, 891, 896, 747, 902, 395, 909, 398, 403, 917, 927, 929, 418, 429, 947, 956, 447, 479, 481, 996, 1005, 1006, 596
518, 9, 11, 1042, 23, 1054, 1058, 547, 37, 550, 39, 1074, 1076, 57, 61, 575, 1090, 523, 1095, 591, 81, 1113, 90, 1116, 107, 1132, 1135, 1139, 632, 640, 136, 1161, 706, 157, 161, 167, 1192, 171, 695, 697, 1216, 1218, 709, 208, 1236, 720, 226, 741, 743, 744, 758, 247, 248, 724, 765, 260, 262, 776, 785, 802, 291, 820, 823, 827, 828, 327, 850, 1081, 867, 356, 872, 362, 371, 380, 388, 392, 905, 910, 911, 406, 413, 420, 943, 952, 967, 480, 998, 1008, 1010, 508
3, 1098, 971, 881, 1142, 888, 793, 347, 892, 414
771, 550, 744, 1129, 234, 215, 1261, 846, 1040, 119, 249, 1178, 252, 1149
6, 778, 141, 273, 279, 1049, 167, 943, 1072, 436, 823, 1085, 832, 966, 712, 974, 1233, 1238, 124, 618, 1213, 636
128, 149, 1027, 260, 773, 263, 709, 266, 523, 524, 1038, 685, 784, 408, 914, 19, 660, 789, 920, 409, 1051, 218, 1183, 1184, 1072, 674, 1058, 1060, 70, 423, 31, 426, 875, 690, 560, 817, 818, 496, 693, 645, 901, 1151, 570, 827, 481, 1261, 779, 580, 1008, 471, 1095, 584, 400, 238, 77, 721, 1234, 339, 468, 981, 313, 1113, 346, 733, 912, 101, 104, 489, 107, 1260, 289, 389, 954, 1136, 808, 1010, 371, 372, 245, 758, 377, 891, 381, 405
3, 516, 1029, 520, 9, 523, 1043, 1198, 537, 26, 1054, 1061, 1065, 556, 568, 570, 574, 576, 596, 1121, 611, 1125, 618, 624, 632, 125, 1153, 134, 1217, 649, 654, 658, 25, 666, 1185, 678, 1191, 1192, 174, 687, 1209, 190, 193, 1218, 1230, 208, 1237, 217, 1244, 738, 1253, 745, 1260, 249, 770, 771, 263, 784, 275, 792, 646, 304, 312, 313, 827, 832, 833, 835, 837, 226, 846, 824, 346, 349, 881, 372, 891, 386, 902, 395, 398, 415, 418, 426, 427, 943, 440, 502, 462, 979, 985, 479, 1005, 1012, 1014
769, 771, 516, 517, 902, 519, 1260, 1035, 653, 1038, 914, 195, 277, 1046, 1049, 1178, 943, 33, 418, 1061, 166, 297, 1138, 814, 303, 818, 948, 439, 1082, 956, 449, 706, 67, 452, 1142, 966, 73, 74, 459, 846, 208, 211, 988, 223, 1120, 356, 745, 907, 1005, 1006, 111, 498, 242, 339, 886, 632, 377
1155, 389, 391, 649, 266, 140, 269, 530, 899, 23, 1049, 283, 159, 688, 1186, 164, 1064, 647, 556, 48, 1203, 436, 821, 566, 265, 1208, 116, 189, 446, 703, 579, 1094, 71, 205, 976, 757, 472, 1192, 1244, 609, 871, 1128, 1129, 747, 387, 1005, 750, 1135, 232, 244, 638, 1144, 127, 126, 255
128, 776, 906, 523, 143, 916, 1113, 25, 283, 158, 1183, 930, 1059, 198, 167, 1064, 179, 59, 1212, 190, 194, 139, 1094, 334, 336, 593, 1108, 1111, 473, 475, 988, 737, 741, 1126, 60, 876, 1262, 1138, 372, 1141, 1143, 504, 1236, 763, 508
1029, 523, 1039, 1042, 19, 22, 25, 1051, 540, 552, 566, 570, 59, 575, 590, 85, 599, 1128, 1114, 1116, 1126, 104, 618, 530, 110, 616, 119, 1149, 127, 1155, 1162, 1167, 147, 537, 666, 1185, 674, 1191, 683, 1198, 700, 710, 631, 1231, 1232, 210, 462, 217, 221, 222, 208, 738, 227, 231, 234, 1234, 242, 757, 246, 759, 1151, 767, 260, 773, 776, 277, 797, 292, 294, 295, 1245, 824, 833, 841, 331, 352, 867, 356, 914, 366, 405, 896, 389, 911, 402, 917, 927, 937, 942, 943, 415, 961, 968, 459, 972, 974, 469, 995, 1006, 1261, 1013, 494, 1018
388, 6, 263, 856, 1051, 1171, 404, 750, 25, 794, 923, 687, 414, 291, 1060, 39, 553, 682, 946, 303, 945, 818, 819, 1076, 53, 566, 439, 56, 58, 956, 317, 1087, 960, 705, 196, 70, 967, 843, 126, 846, 336, 184, 855, 1240, 602, 475, 222, 737, 867, 743, 1128, 1133, 366, 114, 1065, 375, 1193, 635, 510
387, 389, 1158, 391, 136, 10, 779, 398, 823, 658, 1155, 282, 411, 923, 552, 436, 951, 1208, 266, 832, 1092, 650, 967, 1231, 202, 843, 1228, 591, 209, 850, 1112, 207, 3, 610, 486, 747, 1005, 1006, 495, 1136, 119, 1144, 126
68, 514, 131, 1029, 449, 393, 906, 140, 269, 143, 402, 787, 917, 25, 411, 858, 547, 420, 747, 171, 48, 690, 435, 138, 189, 318, 193, 66, 579, 147, 584, 1230, 847, 591, 210, 852, 1243, 471, 602, 219, 356, 487, 488, 745, 235, 492, 1006, 317, 19, 835, 763, 380, 963, 639
640, 1153, 473, 260, 645, 902, 650, 523, 268, 661, 273, 1044, 277, 918, 23, 24, 923, 606, 988, 751, 418, 283, 710, 1190, 936, 156, 382, 45, 303, 48, 693, 566, 111, 1211, 444, 446, 1215, 960, 833, 706, 579, 182, 1094, 31, 582, 847, 852, 469, 86, 217, 591, 1243, 732, 862, 228, 357, 1132, 1263, 1141, 255, 510, 405
26, 962, 291, 498
393, 688, 131, 901, 998, 1132, 940, 973, 1006, 207, 765, 850, 884, 662, 247, 1048, 1108, 26, 911, 284, 157
1, 3, 1029, 7, 1035, 1046, 537, 1050, 1051, 549, 550, 556, 1069, 50, 1082, 59, 1090, 579, 1093, 70, 1095, 1097, 602, 102, 105, 618, 1131, 620, 1133, 111, 1137, 116, 1141, 631, 703, 636, 637, 131, 962, 658, 150, 1135, 157, 167, 687, 179, 693, 1211, 189, 1215, 193, 262, 1219, 719, 218, 733, 1061, 1250, 230, 261, 774, 268, 283, 297, 813, 817, 837, 332, 334, 336, 850, 855, 570, 355, 871, 881, 884, 896, 396, 398, 927, 937, 946, 446, 960, 450, 451, 964, 970, 465, 988, 493, 497, 500
1025, 521, 394, 523, 834, 654, 1168, 273, 18, 1043, 174, 279, 536, 25, 282, 927, 419, 421, 295, 297, 814, 965, 530, 441, 570, 60, 906, 576, 321, 706, 68, 69, 73, 845, 653, 791, 1233, 211, 1111, 1240, 954, 105, 1261, 246, 1143, 632, 1151, 252, 637, 405
1153, 902, 649, 650, 1163, 142, 914, 275, 923, 346, 158, 673, 418, 1189, 39, 1054, 427, 1204, 693, 265, 825, 954, 189, 446, 832, 1217, 907, 709, 713, 331, 354, 975, 858, 477, 606, 993, 1122, 231, 236, 624, 1016, 249
1025, 1085, 260, 406, 134, 705, 265, 266, 1198, 814, 18, 3, 1173, 662, 1048, 388, 461, 284, 1054, 416, 552, 1065, 554, 44, 430, 943, 816, 817, 819, 436, 693, 521, 1082, 189, 447, 960, 449, 450, 67, 68, 837, 1095, 584, 73, 631, 716, 77, 462, 719, 850, 339, 1236, 1240, 217, 730, 481, 1126, 998, 487, 1256, 1132, 333, 882, 115, 630, 1143, 377, 890, 831, 638, 1151
710, 1128, 847, 560, 53, 568
260, 262, 1159, 776, 556, 266, 599, 322, 710, 904, 787, 134, 149, 56, 772, 155, 1183, 1059, 521, 1061, 550, 451, 44, 813, 686, 303, 48, 968, 436, 57, 183, 1208, 706, 186, 444, 650, 318, 377, 832, 1090, 67, 709, 70, 737, 584, 591, 1104, 977, 1108, 215, 966, 217, 1231, 1245, 222, 1232, 226, 1253, 486, 871, 1218, 795, 1255, 824, 878, 1008, 1014, 889, 892, 405
640, 1172, 22, 260, 5, 262, 266, 654, 536, 403, 1044, 277, 1046, 920, 1050, 155, 1180, 413, 926, 927, 802, 164, 1191, 1192, 939, 946, 1077, 441, 1212, 62, 1087, 705, 707, 968, 331, 1231, 1233, 472, 602, 991, 480, 225, 357, 486, 232, 618, 127, 1261, 622, 239, 40, 244, 889, 1146, 891, 107, 511
897, 706, 749, 260, 870, 936, 205, 1042, 973, 943, 976, 114, 243, 596, 661, 1080, 917, 1183, 606, 767
531, 535, 25, 541, 33, 550, 552, 556, 48, 50, 563, 59, 572, 1088, 579, 590, 1103, 1106, 86, 602, 114, 1043, 1141, 118, 631, 632, 126, 1153, 143, 1187, 164, 1205, 1211, 188, 193, 710, 202, 207, 208, 1236, 1240, 222, 230, 744, 1258, 747, 1263, 241, 244, 245, 250, 252, 772, 792, 796, 285, 901, 803, 828, 834, 332, 846, 847, 850, 350, 867, 361, 371, 386, 389, 393, 908, 405, 409, 421, 944, 948, 441, 442, 446, 960, 964, 967, 459, 480, 1008, 497
518, 1032, 1038, 15, 528, 530, 1048, 537, 1053, 1061, 550, 1064, 41, 558, 48, 1076, 53, 568, 1085, 1095, 1098, 593, 611, 104, 1133, 1135, 112, 627, 1143, 646, 25, 111, 678, 680, 169, 170, 1195, 179, 697, 700, 189, 1215, 706, 631, 208, 209, 1234, 211, 223, 1253, 235, 256, 261, 776, 269, 274, 792, 282, 303, 823, 828, 318, 831, 834, 837, 838, 331, 847, 1080, 996, 861, 877, 370, 371, 372, 895, 896, 387, 389, 909, 115, 914, 419, 421, 433, 436, 442, 443, 447, 449, 962, 451, 978, 981, 477, 484, 492, 494, 1192, 500, 1193
1, 771, 516, 779, 269, 1168, 1176, 259, 277, 791, 920, 1181, 544, 289, 418, 1187, 710, 1191, 40, 937, 810, 1067, 858, 48, 434, 115, 309, 566, 443, 189, 575, 832, 843, 990, 1094, 33, 1097, 459, 403, 205, 846, 847, 464, 504, 82, 979, 1236, 1064, 985, 346, 1116, 221, 606, 352, 1040, 67, 867, 356, 627, 487, 1256, 1258, 747, 620, 878, 1213, 881, 1107, 1146, 967, 241, 121, 656, 1087, 636, 938, 1022
