200600
200500
2200
100
0; 809; 8894.43; 184.86; 68.04
1; 569; 9571.26; 215.0; 33.11
2; 388; 10002.39; 35.09; 97.12
3; 882; 10477.8; 180.52; 96.63
4; 677; 11433.83; 85.77; 31.21
5; 896; 10688.67; 4.98; 39.11
6; 811; 9431.11; 136.78; 184.59
7; 449; 10383.35; 104.39; 101.14
8; 289; 9048.99; 136.82; 81.18
9; 566; 10174.07; 168.68; 47.26
10; 752; 10657.67; 58.0; 38.97
11; 942; 11454.05; 141.84; 283.66
12; 507; 11043.2; 259.8; 246.9
13; 472; 9000.47; 20.61; 257.73
14; 730; 9906.27; 104.33; 130.98
15; 1073; 9393.77; 88.2; 126.3
16; 429; 8819.65; 10.09; 19.95
17; 822; 9100.38; 119.53; 79.45
18; 665; 10244.35; 5.16; 88.18
19; 950; 11405.0; 24.02; 4.46
20; 333; 9340.92; 145.73; 241.57
21; 54; 10567.64; 74.42; 17.63
22; 762; 9313.62; 55.59; 202.22
23; 283; 10223.92; 47.84; 129.62
24; 392; 9138.66; 95.12; 80.06
25; 96; 11009.43; 330.4; 54.88
26; 963; 8043.33; 171.26; 158.78
27; 671; 11122.88; 178.72; 209.78
28; 314; 9629.18; 118.1; 210.96
29; 363; 9539.77; 346.24; 304.23
30; 1032; 9470.12; 207.64; 215.18
31; 660; 9850.88; 169.35; 174.1
32; 732; 9549.54; 24.99; 82.62
33; 754; 10622.21; 163.83; 135.16
34; 107; 8721.53; 34.27; 37.35
35; 812; 9153.2; 62.74; 98.54
36; 124; 8335.4; 176.97; 36.26
37; 1020; 10349.02; 0.61; 54.09
38; 887; 10916.06; 138.19; 146.66
39; 10; 10912.88; 39.77; 28.49
40; 872; 9498.17; 135.66; 82.67
41; 689; 10086.61; 204.73; 41.72
42; 471; 8611.13; 152.31; 141.44
43; 339; 10047.88; 57.27; 86.07
44; 97; 9141.85; 30.78; 56.96
45; 1068; 8888.14; 364.27; 43.03
46; 137; 9740.34; 137.25; 53.22
47; 740; 9776.05; 70.44; 71.31
48; 571; 9033.77; 178.92; 47.6
49; 1015; 9720.85; 217.88; 132.73
50; 453; 8511.09; 99.23; 190.77
51; 1100; 9555.11; 87.77; 69.54
52; 563; 9247.43; 57.0; 84.58
53; 60; 10444.83; 140.9; 147.6
54; 578; 11581.42; 58.35; 172.59
55; 231; 8660.67; 298.23; 153.32
56; 100; 11595.42; 11.82; 221.95
57; 958; 9788.58; 130.36; 93.36
58; 714; 9667.08; 258.58; 228.63
59; 753; 8248.64; 50.42; 240.05
60; 881; 8079.64; 348.36; 122.7
61; 281; 10305.77; 92.93; 77.7
62; 996; 10461.91; 203.96; 6.59
63; 881; 9646.95; 85.1; 28.83
64; 1091; 10634.26; 252.63; 213.9
65; 352; 11053.03; 202.62; 91.85
66; 948; 9031.14; 97.45; 77.43
67; 388; 9277.48; 218.51; 214.08
68; 568; 10962.55; 63.07; 168.15
69; 493; 8814.76; 43.24; 341.98
70; 786; 11091.51; 149.12; 57.51
71; 861; 10784.58; 48.24; 25.07
72; 441; 10237.88; 258.67; 29.14
73; 332; 8489.15; 280.94; 34.67
74; 975; 10728.17; 83.63; 138.47
75; 242; 10275.31; 224.69; 225.22
76; 1031; 10411.92; 219.76; 47.97
77; 735; 9619.94; 19.8; 61.45
78; 905; 9831.05; 117.52; 112.63
79; 94; 9995.48; 1.6; 157.61
80; 764; 12143.41; 25.41; 122.19
81; 806; 8922.3; 21.39; 222.18
82; 207; 10185.12; 170.91; 143.03
83; 1086; 10205.38; 206.68; 72.82
84; 877; 10847.21; 44.31; 15.91
85; 508; 10706.92; 141.84; 22.95
86; 781; 10367.74; 5.04; 138.87
87; 1081; 10345.75; 119.57; 146.7
88; 822; 10583.53; 231.44; 51.2
89; 218; 9749.41; 70.11; 47.5
90; 518; 10103.78; 139.47; 248.51
91; 647; 8611.49; 129.97; 135.15
92; 321; 9724.77; 80.36; 76.21
93; 41; 9341.54; 139.73; 148.62
94; 162; 9656.56; 127.33; 94.29
95; 797; 9567.65; 52.23; 116.19
96; 882; 10829.96; 24.47; 41.52
97; 682; 10630.5; 189.51; 127.24
98; 423; 8802.17; 92.36; 7.22
99; 146; 9640.3; 106.66; 161.89
100; 510; 8823.42; 213.39; 151.63
101; 655; 12354.85; 220.96; 25.49
102; 917; 10536.81; 27.57; 168.11
103; 195; 9284.36; 190.02; 381.89
104; 703; 9664.65; 95.9; 220.68
105; 990; 9558.24; 95.94; 31.52
106; 775; 10628.0; 133.09; 121.59
107; 1020; 9906.31; 2.77; 15.13
108; 235; 8797.61; 53.1; 186.7
109; 38; 9256.86; 213.61; 207.85
110; 1099; 10591.08; 154.66; 141.26
111; 597; 10153.49; 64.07; 97.02
112; 474; 10412.39; 27.44; 33.62
113; 289; 9049.91; 36.07; 1.85
114; 577; 11477.94; 12.95; 212.32
115; 963; 8502.62; 112.46; 206.88
116; 100; 12536.01; 139.12; 142.52
117; 884; 9751.65; 3.26; 230.23
118; 24; 9642.83; 27.89; 81.54
119; 727; 10348.74; 4.62; 74.96
120; 67; 10983.08; 48.68; 78.36
121; 45; 9521.67; 101.15; 185.51
122; 228; 8622.42; 20.11; 60.4
123; 406; 10197.95; 217.68; 115.11
124; 614; 10914.95; 239.42; 204.82
125; 1092; 9913.9; 181.34; 130.51
126; 189; 9057.26; 192.57; 114.67
127; 1072; 8870.4; 21.83; 162.73
128; 388; 9619.2; 196.76; 72.1
129; 1089; 9575.81; 21.13; 289.2
130; 903; 11974.29; 56.08; 114.19
131; 862; 8972.2; 149.94; 51.83
132; 762; 9753.4; 104.14; 86.64
133; 452; 10452.99; 82.67; 147.15
134; 49; 9474.88; 15.3; 172.28
135; 121; 9735.49; 234.44; 134.53
136; 732; 8624.81; 122.52; 153.84
137; 638; 9769.11; 32.62; 48.78
138; 1020; 8821.19; 161.02; 35.45
139; 807; 10484.11; 325.15; 71.23
140; 1096; 11408.31; 92.89; 82.83
141; 284; 11600.76; 108.76; 146.19
142; 992; 10660.98; 96.62; 2.56
143; 9; 8413.32; 136.87; 52.96
144; 920; 9568.59; 132.45; 25.61
145; 168; 9411.62; 105.39; 100.91
146; 813; 10533.27; 112.47; 11.88
147; 410; 8329.55; 37.75; 141.6
148; 244; 12447.77; 254.7; 101.83
149; 176; 11568.84; 187.67; 238.11
150; 834; 10197.21; 243.87; 246.23
151; 38; 10473.49; 114.91; 86.36
152; 10; 8958.38; 178.57; 86.35
153; 775; 11200.6; 270.67; 69.2
154; 1050; 8990.84; 150.51; 251.49
155; 330; 11476.81; 8.41; 80.63
156; 879; 9179.39; 36.76; 70.09
157; 909; 8990.05; 153.21; 129.34
158; 871; 10590.41; 120.09; 25.92
159; 665; 10026.08; 95.11; 33.15
160; 116; 10303.27; 57.92; 97.71
161; 983; 8716.92; 73.89; 281.98
162; 159; 10131.65; 83.86; 90.01
163; 591; 9575.74; 14.34; 37.73
164; 668; 8374.15; 100.86; 179.19
165; 474; 8496.53; 147.93; 58.06
166; 1020; 9958.65; 182.87; 58.31
167; 782; 8434.83; 115.57; 244.8
168; 366; 10462.29; 102.55; 27.25
169; 173; 9269.77; 134.52; 162.68
170; 401; 10565.0; 51.32; 47.62
171; 610; 10375.28; 174.39; 131.45
172; 962; 10069.18; 44.59; 68.63
173; 971; 11103.99; 268.81; 224.63
174; 907; 9213.02; 28.3; 26.82
175; 804; 8382.21; 18.64; 97.21
176; 215; 9645.52; 73.97; 237.64
177; 256; 10496.35; 283.24; 154.42
178; 206; 9568.07; 157.14; 137.09
179; 793; 10406.37; 152.5; 153.03
180; 32; 10627.18; 26.15; 84.87
181; 597; 8319.2; 10.68; 51.46
182; 601; 10121.39; 57.03; 78.69
183; 368; 9456.63; 165.98; 27.67
184; 760; 9612.18; 95.26; 187.19
185; 631; 9233.25; 93.29; 73.51
186; 814; 10423.59; 205.29; 45.14
187; 899; 10478.88; 33.76; 84.7
188; 376; 9639.71; 63.21; 41.36
189; 748; 9074.94; 245.39; 77.31
190; 494; 12908.18; 164.48; 132.24
191; 1078; 10380.07; 86.44; 87.85
192; 840; 10736.51; 108.52; 97.9
193; 518; 8434.61; 274.14; 68.54
194; 61; 9274.37; 356.36; 333.65
195; 1068; 10979.99; 108.7; 57.24
196; 461; 11470.03; 245.61; 173.19
197; 605; 8999.41; 125.72; 194.77
198; 282; 8728.21; 13.11; 187.78
199; 1005; 12607.7; 71.55; 171.11
200; 324; 9159.88; 87.53; 47.85
201; 893; 9771.16; 100.82; 257.05
202; 480; 10963.41; 4.06; 215.42
203; 917; 9450.34; 39.59; 15.46
204; 225; 9368.63; 42.48; 57.28
205; 324; 9983.82; 184.95; 124.29
206; 216; 10649.36; 329.71; 4.06
207; 775; 9268.16; 149.64; 37.11
208; 941; 11555.91; 239.42; 171.74
209; 321; 9428.44; 125.22; 140.63
210; 52; 9845.57; 135.04; 70.23
211; 722; 10220.95; 221.28; 13.99
212; 667; 9543.48; 295.09; 16.52
213; 302; 10148.76; 74.38; 38.12
214; 265; 12348.53; 83.64; 232.65
215; 663; 8641.48; 110.12; 39.3
216; 968; 10844.67; 161.47; 335.81
217; 308; 9885.92; 29.14; 115.43
218; 612; 11868.19; 320.56; 43.48
219; 1033; 10270.17; 8.08; 260.34
220; 710; 11477.1; 203.07; 31.47
221; 106; 9025.2; 63.44; 75.16
222; 698; 7982.17; 88.82; 122.86
223; 196; 9621.98; 81.52; 249.91
224; 502; 12162.41; 27.65; 119.96
225; 57; 9894.0; 140.62; 79.64
226; 15; 10925.06; 63.83; 53.22
227; 836; 10222.26; 87.35; 2.09
228; 848; 9301.95; 113.06; 103.06
229; 519; 10899.0; 107.29; 67.22
230; 205; 9744.97; 87.82; 33.81
231; 821; 9499.9; 103.06; 166.36
232; 299; 9406.43; 169.17; 77.86
233; 546; 9121.83; 32.67; 63.52
234; 675; 9812.48; 33.04; 80.84
235; 858; 9540.06; 73.35; 125.33
236; 1034; 9791.83; 42.97; 121.92
237; 613; 11216.36; 52.11; 155.97
238; 388; 11431.54; 82.23; 124.97
239; 269; 9793.31; 5.48; 182.83
240; 144; 10859.16; 219.5; 137.94
241; 883; 11521.88; 80.5; 103.84
242; 223; 11534.87; 28.21; 207.65
243; 280; 9209.78; 40.6; 237.82
244; 725; 10319.9; 170.26; 82.64
245; 828; 7439.67; 146.1; 20.8
246; 730; 10433.74; 39.1; 69.23
247; 589; 10054.54; 131.32; 68.54
248; 656; 9253.84; 272.06; 18.74
249; 780; 10924.82; 223.46; 133.81
250; 950; 8642.4; 122.73; 159.69
251; 1075; 11000.41; 174.28; 130.14
252; 921; 9780.14; 129.43; 64.2
253; 310; 11568.11; 131.03; 118.59
254; 16; 11775.46; 43.69; 35.43
255; 907; 10832.75; 65.26; 126.84
256; 76; 8530.04; 164.16; 142.37
257; 603; 10256.79; 148.72; 127.61
258; 771; 9124.58; 25.11; 203.87
259; 595; 9444.68; 68.6; 30.95
260; 908; 9610.84; 31.92; 61.16
261; 938; 8615.28; 175.77; 60.59
262; 827; 10092.97; 7.31; 223.48
263; 30; 10602.92; 27.69; 72.01
264; 520; 9457.24; 114.71; 70.77
265; 688; 10196.65; 89.88; 54.79
266; 757; 8211.75; 39.66; 194.01
267; 635; 10165.23; 39.32; 29.13
268; 573; 11513.76; 115.47; 10.51
269; 568; 9989.05; 55.91; 153.59
270; 226; 9864.6; 280.15; 70.8
271; 466; 10535.43; 102.26; 207.62
272; 335; 10680.02; 41.8; 119.7
273; 67; 8897.13; 106.92; 309.96
274; 460; 11521.63; 76.94; 69.61
275; 740; 9878.66; 134.37; 172.72
276; 232; 10639.59; 16.17; 157.63
277; 314; 11645.9; 121.29; 191.84
278; 590; 9552.91; 141.74; 147.9
279; 139; 9767.53; 9.89; 168.89
280; 819; 10056.88; 281.28; 66.21
281; 1024; 10434.56; 30.79; 46.86
282; 323; 9709.19; 32.88; 30.88
283; 950; 9388.43; 160.04; 215.66
284; 731; 10273.96; 126.51; 197.14
285; 28; 10830.84; 117.68; 162.23
286; 139; 9627.73; 39.5; 306.01
287; 394; 10323.91; 310.63; 5.29
288; 837; 8947.92; 3.6; 108.73
289; 799; 8958.35; 131.74; 12.27
290; 746; 10911.32; 78.03; 8.58
291; 1098; 9884.11; 114.0; 97.35
292; 435; 8693.46; 25.89; 104.23
293; 370; 9665.98; 56.74; 151.86
294; 482; 10459.41; 191.56; 8.22
295; 833; 10318.36; 14.27; 26.38
296; 748; 9511.33; 313.09; 62.34
297; 3; 12574.72; 49.0; 94.05
298; 1010; 9129.32; 59.01; 215.97
299; 549; 9187.86; 62.33; 111.14
300; 5; 9452.59; 52.19; 82.24
301; 943; 10782.56; 181.13; 28.19
302; 221; 10687.76; 181.32; 242.84
303; 941; 8218.73; 185.73; 34.16
304; 1066; 9995.09; 23.09; 141.19
305; 930; 10035.69; 21.42; 61.07
306; 703; 10324.14; 80.24; 184.54
307; 887; 9409.73; 145.39; 83.15
308; 334; 10666.19; 60.19; 105.63
309; 802; 10139.92; 230.42; 24.67
310; 699; 9663.04; 12.18; 49.8
311; 388; 9935.73; 281.76; 173.23
312; 712; 9889.77; 28.33; 310.45
313; 933; 9110.04; 25.37; 233.5
314; 897; 9810.58; 149.44; 135.77
315; 529; 9773.23; 136.08; 277.79
316; 842; 9229.24; 37.68; 175.0
317; 912; 9423.16; 412.83; 46.04
318; 122; 8175.71; 19.71; 129.32
319; 31; 8301.87; 116.94; 198.85
320; 966; 10553.54; 165.8; 161.66
321; 693; 8726.64; 6.25; 175.11
322; 735; 10436.79; 93.18; 44.7
323; 986; 9514.58; 31.25; 126.32
324; 1080; 10131.48; 67.29; 92.16
325; 511; 9044.62; 150.66; 72.57
326; 157; 10416.03; 107.51; 98.1
327; 734; 11100.19; 112.56; 256.07
328; 859; 9676.29; 111.16; 82.01
329; 165; 10067.19; 45.53; 65.33
330; 288; 11143.61; 47.66; 158.63
331; 806; 10416.58; 185.02; 21.61
332; 260; 10532.79; 162.54; 121.89
333; 192; 8973.22; 264.54; 121.73
334; 314; 9380.73; 121.05; 208.92
335; 111; 9714.73; 3.75; 29.46
336; 854; 10311.37; 1.34; 108.3
337; 130; 9507.12; 160.5; 5.42
338; 291; 9080.66; 67.71; 106.49
339; 115; 9994.68; 155.95; 5.56
340; 582; 9438.94; 54.96; 86.62
341; 350; 11582.08; 380.92; 110.06
342; 603; 11267.66; 40.07; 151.38
343; 370; 9440.8; 158.02; 114.13
344; 45; 11196.23; 111.11; 69.89
345; 22; 10000.81; 226.03; 58.35
346; 28; 9370.6; 99.64; 290.91
347; 288; 11229.83; 11.46; 96.09
348; 884; 9822.31; 32.85; 112.01
349; 181; 11448.72; 192.82; 164.43
350; 73; 9951.36; 180.68; 111.08
351; 907; 11405.45; 113.7; 4.91
352; 580; 8564.48; 49.43; 124.24
353; 243; 8731.95; 30.41; 308.24
354; 746; 9361.9; 148.58; 61.62
355; 264; 10716.24; 67.34; 200.66
356; 1079; 10800.56; 214.64; 147.14
357; 555; 10932.93; 142.07; 95.3
358; 223; 11962.9; 79.21; 141.78
359; 329; 7106.11; 272.31; 211.68
360; 870; 9060.89; 223.12; 107.11
361; 59; 10676.6; 14.5; 19.11
362; 254; 8663.08; 34.45; 114.9
363; 417; 8615.22; 153.8; 186.54
364; 385; 10267.19; 55.56; 187.55
365; 23; 10861.66; 72.82; 56.89
366; 203; 9831.99; 200.9; 257.85
367; 336; 10608.95; 197.47; 141.45
368; 554; 10187.29; 134.23; 302.92
369; 339; 9671.24; 133.97; 91.92
370; 166; 9185.59; 78.37; 143.35
371; 664; 9939.88; 129.39; 239.86
372; 189; 10015.63; 106.8; 147.41
373; 729; 12157.12; 13.86; 245.86
374; 787; 9376.43; 13.42; 357.6
375; 922; 9584.74; 152.66; 244.82
376; 579; 9365.74; 281.59; 200.34
377; 295; 9051.01; 100.05; 163.42
378; 249; 10813.31; 56.55; 134.13
379; 1030; 10099.72; 110.29; 208.88
380; 309; 11058.91; 37.71; 138.89
381; 266; 9877.35; 22.84; 67.39
382; 72; 8689.2; 18.66; 313.59
383; 77; 10458.78; 167.46; 115.18
384; 364; 9096.13; 45.55; 114.32
385; 361; 9502.75; 105.52; 90.65
386; 200; 9273.64; 168.72; 24.61
387; 1050; 9898.82; 38.63; 49.03
388; 179; 10008.78; 50.89; 76.59
389; 228; 11649.12; 287.69; 31.26
390; 173; 9881.86; 97.72; 197.6
391; 265; 8381.55; 170.73; 79.8
392; 401; 10026.85; 54.06; 22.07
393; 83; 8734.61; 236.64; 123.55
394; 1046; 11555.78; 253.6; 129.82
395; 167; 11265.6; 229.8; 182.68
396; 986; 10200.83; 173.55; 104.03
397; 850; 9567.64; 68.61; 103.97
398; 87; 7784.11; 276.93; 14.47
399; 703; 10639.94; 44.1; 37.48
400; 427; 9933.13; 378.27; 57.38
401; 443; 11829.96; 188.79; 233.39
402; 665; 8095.56; 86.39; 262.0
403; 1020; 8906.37; 32.34; 31.93
404; 707; 11344.1; 210.42; 23.16
405; 735; 10038.77; 16.98; 186.55
406; 190; 9892.09; 236.2; 193.42
407; 245; 8104.6; 278.39; 80.15
408; 270; 10078.43; 116.81; 77.91
409; 666; 10373.12; 22.61; 181.55
410; 954; 11130.98; 48.52; 142.12
411; 1080; 9245.11; 169.8; 282.49
412; 677; 9931.16; 66.16; 125.64
413; 853; 10068.11; 22.02; 140.26
414; 18; 10279.21; 141.52; 53.34
415; 323; 10322.01; 294.86; 52.42
416; 1082; 9510.02; 133.75; 82.26
417; 326; 9177.17; 60.29; 305.87
418; 12; 11441.87; 38.01; 153.25
419; 497; 10398.01; 86.49; 138.53
420; 856; 10236.79; 122.67; 101.97
421; 328; 10337.57; 17.77; 194.57
422; 876; 10464.94; 144.73; 16.0
423; 419; 9352.3; 25.65; 196.06
424; 399; 10380.02; 87.23; 85.72
425; 821; 12240.01; 109.48; 124.53
426; 923; 10490.71; 114.48; 247.82
427; 657; 9777.32; 146.62; 137.4
428; 966; 10342.37; 87.05; 225.97
429; 522; 10556.57; 207.62; 59.84
430; 205; 9400.98; 122.56; 198.0
431; 1073; 11629.23; 87.56; 113.26
432; 304; 12144.59; 37.73; 127.15
433; 828; 10186.18; 132.19; 14.62
434; 444; 9291.26; 99.9; 65.85
435; 155; 10776.97; 106.55; 12.72
436; 556; 9612.66; 164.74; 39.46
437; 236; 9811.23; 132.22; 95.55
438; 658; 12005.04; 281.13; 120.67
439; 147; 8440.81; 278.16; 313.32
440; 1036; 11756.75; 31.6; 19.56
441; 599; 9913.14; 87.59; 148.5
442; 339; 11388.2; 54.13; 85.8
443; 3; 9115.72; 24.71; 155.13
444; 1098; 8751.78; 22.04; 191.05
445; 65; 10297.34; 87.32; 208.86
446; 1024; 10474.49; 86.27; 113.46
447; 231; 11133.87; 97.56; 3.87
448; 507; 8811.69; 12.27; 188.85
449; 359; 9378.18; 123.07; 118.52
450; 184; 9292.87; 75.04; 49.18
451; 944; 8163.76; 276.15; 106.74
452; 130; 10271.96; 77.99; 179.68
453; 99; 9766.6; 6.97; 199.86
454; 307; 10317.85; 211.43; 94.26
455; 254; 9427.65; 47.42; 107.42
456; 654; 10535.04; 45.33; 136.41
457; 678; 9527.55; 158.42; 45.23
458; 584; 9524.52; 199.28; 152.5
459; 621; 10782.74; 252.16; 62.49
460; 213; 10518.6; 206.87; 106.69
461; 1033; 10231.85; 58.37; 166.9
462; 465; 9483.12; 213.36; 65.04
463; 910; 9819.61; 186.64; 270.99
464; 644; 9428.22; 10.86; 140.16
465; 281; 7785.0; 81.65; 49.38
466; 964; 9889.9; 233.58; 88.08
467; 723; 10114.3; 233.83; 115.82
468; 1002; 9232.63; 171.4; 285.19
469; 107; 9828.5; 66.7; 5.12
470; 280; 9465.62; 104.39; 65.73
471; 925; 10026.0; 204.18; 260.35
472; 306; 9856.23; 145.57; 21.92
473; 421; 11756.93; 189.22; 257.87
474; 750; 8903.63; 133.3; 51.52
475; 335; 10441.9; 74.39; 160.06
476; 351; 11428.02; 123.13; 76.82
477; 623; 9237.4; 6.32; 123.01
478; 686; 10183.78; 10.88; 161.47
479; 413; 10861.2; 131.73; 60.33
480; 837; 8583.65; 69.82; 44.66
481; 751; 10237.21; 132.96; 140.07
482; 716; 8953.92; 11.98; 217.83
483; 679; 10311.08; 263.74; 61.65
484; 307; 11493.98; 122.91; 136.06
485; 79; 10941.6; 93.88; 252.8
486; 820; 10655.32; 136.79; 110.84
487; 453; 8851.5; 151.61; 208.01
488; 603; 11026.46; 3.33; 84.59
489; 199; 8977.57; 24.48; 48.95
490; 1016; 8278.04; 73.85; 188.66
491; 96; 12265.97; 44.21; 1.79
492; 72; 9941.4; 61.98; 179.23
493; 1073; 9864.33; 122.87; 182.33
494; 754; 9380.2; 15.5; 101.06
495; 886; 11710.44; 337.63; 125.14
496; 608; 9849.15; 199.53; 62.68
497; 1090; 10112.71; 58.98; 40.42
498; 725; 9775.48; 85.62; 283.14
499; 1075; 11561.4; 117.19; 103.55
500; 345; 9213.73; 18.36; 55.89
501; 424; 11589.98; 83.44; 144.68
502; 81; 9268.73; 4.23; 300.62
503; 569; 10497.43; 7.98; 236.61
504; 988; 9141.18; 5.91; 124.13
505; 51; 10478.7; 78.57; 251.47
506; 715; 11480.18; 36.81; 348.92
507; 368; 8843.9; 114.1; 125.19
508; 1096; 8027.75; 70.83; 87.72
509; 333; 12099.44; 120.0; 196.47
510; 316; 11779.87; 62.3; 202.61
511; 31; 9740.22; 91.96; 3.5
512; 474; 9349.05; 1.72; 9.37
513; 210; 7344.72; 162.54; 168.61
514; 426; 9541.32; 19.14; 170.28
515; 988; 8347.97; 141.65; 247.19
516; 1008; 10090.14; 1.96; 47.04
517; 169; 11610.45; 29.61; 253.79
518; 312; 12008.79; 29.72; 81.25
519; 76; 10057.58; 244.93; 36.06
520; 496; 10587.86; 67.84; 108.22
521; 225; 13135.78; 218.83; 22.46
522; 559; 8298.44; 124.73; 62.28
523; 120; 11043.58; 173.35; 115.6
524; 833; 10638.85; 101.04; 129.46
525; 417; 10952.21; 167.86; 121.43
526; 798; 10217.77; 219.75; 141.7
527; 403; 10417.27; 137.1; 105.22
528; 1006; 10344.82; 315.48; 171.96
529; 554; 8837.06; 49.48; 132.8
530; 297; 11593.44; 309.48; 307.13
531; 596; 11208.08; 79.21; 91.03
532; 837; 10864.39; 31.39; 243.02
533; 569; 10092.95; 147.98; 136.17
534; 31; 11490.35; 77.31; 115.5
535; 476; 9979.86; 37.83; 80.04
536; 252; 10103.15; 16.46; 63.76
537; 540; 11036.21; 140.2; 100.85
538; 324; 8435.54; 172.33; 129.82
539; 942; 11133.81; 187.5; 156.56
540; 1072; 10405.97; 64.43; 111.41
541; 1090; 8656.74; 32.7; 185.36
542; 737; 9078.43; 162.37; 103.24
543; 791; 10733.32; 35.54; 94.05
544; 953; 10606.09; 120.7; 79.65
545; 1091; 10496.83; 248.88; 8.12
546; 604; 10639.45; 87.8; 81.64
547; 1041; 9089.76; 138.82; 88.16
548; 735; 9494.66; 99.96; 14.35
549; 70; 10274.28; 148.52; 42.6
550; 979; 10100.86; 49.36; 102.27
551; 880; 10524.04; 231.73; 98.25
552; 218; 10297.13; 105.6; 8.52
553; 994; 7628.93; 108.08; 176.8
554; 506; 8867.98; 49.84; 20.45
555; 598; 10220.12; 33.02; 84.96
556; 735; 10488.34; 25.74; 223.28
557; 1000; 9929.46; 228.66; 20.56
558; 67; 9272.22; 243.02; 66.24
559; 986; 10029.56; 81.26; 3.02
560; 18; 8400.53; 219.39; 243.37
561; 54; 10127.64; 177.73; 307.35
562; 637; 9112.66; 132.83; 95.22
563; 514; 8890.28; 251.44; 228.89
564; 410; 11620.7; 19.71; 221.66
565; 9; 10781.29; 106.9; 128.46
566; 238; 11952.96; 63.49; 63.36
567; 131; 8712.72; 168.93; 263.84
568; 950; 9372.96; 70.83; 23.25
569; 837; 9555.19; 104.51; 167.53
570; 600; 9515.44; 15.65; 66.4
571; 507; 8764.27; 115.17; 174.53
572; 1015; 9940.29; 60.22; 111.5
573; 256; 9601.27; 124.92; 231.99
574; 806; 9474.61; 355.51; 113.71
575; 936; 11029.48; 6.12; 58.36
576; 1050; 9403.98; 184.63; 130.27
577; 840; 10895.45; 40.1; 39.27
578; 242; 8843.72; 23.92; 209.51
579; 996; 10453.11; 293.88; 36.89
580; 310; 10634.38; 69.4; 187.89
581; 961; 10861.25; 28.66; 179.1
582; 40; 12369.99; 28.1; 61.79
583; 616; 11531.95; 18.57; 112.71
584; 465; 10357.8; 109.76; 80.04
585; 484; 10104.51; 221.24; 76.5
586; 487; 9977.18; 174.59; 148.45
587; 314; 8999.86; 59.2; 88.13
588; 617; 10099.11; 89.4; 15.26
589; 748; 10411.26; 75.39; 53.75
590; 702; 9103.01; 407.36; 97.44
591; 668; 9739.18; 19.54; 46.58
592; 1060; 9543.25; 22.86; 41.51
593; 670; 12210.1; 135.08; 54.76
594; 304; 8085.55; 288.4; 168.62
595; 996; 8547.76; 118.54; 17.02
596; 1075; 8408.39; 106.04; 156.82
597; 777; 10352.55; 271.95; 46.27
598; 758; 10729.5; 43.58; 143.21
599; 445; 11078.4; 7.09; 50.68
600; 333; 10575.33; 217.66; 171.98
601; 517; 9432.74; 69.03; 91.91
602; 667; 11485.26; 180.14; 231.22
603; 559; 9649.27; 7.78; 219.8
604; 555; 8370.15; 52.19; 99.32
605; 484; 10722.01; 16.68; 119.67
606; 456; 8884.1; 197.44; 125.97
607; 507; 9474.84; 26.06; 12.77
608; 181; 9732.34; 109.31; 121.42
609; 779; 11119.95; 156.12; 15.94
610; 865; 9258.22; 62.24; 254.49
611; 247; 10926.47; 114.38; 14.61
612; 132; 10146.26; 116.31; 245.37
613; 118; 9648.84; 161.77; 165.18
614; 966; 10130.16; 133.16; 178.7
615; 366; 8906.9; 9.4; 2.59
616; 972; 9795.11; 254.49; 145.74
617; 413; 9561.13; 153.66; 75.86
618; 791; 11413.38; 242.93; 123.57
619; 568; 11607.07; 124.84; 136.63
620; 590; 10027.64; 84.65; 121.4
621; 640; 9259.32; 95.89; 104.54
622; 892; 8460.42; 105.33; 89.26
623; 303; 9968.99; 129.75; 208.87
624; 728; 9414.34; 30.51; 140.93
625; 571; 9780.28; 185.56; 153.33
626; 953; 9792.12; 173.17; 278.89
627; 118; 8921.33; 266.5; 40.99
628; 617; 9541.6; 23.27; 196.26
629; 849; 10235.98; 51.88; 22.34
630; 761; 12827.72; 168.77; 116.8
631; 101; 9077.31; 224.63; 161.63
632; 503; 10437.5; 253.91; 167.1
633; 932; 10423.14; 238.42; 134.97
634; 167; 8983.22; 200.64; 197.3
635; 705; 10679.92; 90.55; 112.89
636; 292; 10032.88; 24.05; 92.42
637; 925; 10806.57; 166.54; 140.34
638; 432; 9284.33; 28.56; 6.19
639; 78; 8652.43; 190.28; 206.01
640; 413; 10309.17; 190.08; 345.01
641; 102; 8919.57; 57.64; 65.84
642; 54; 8728.79; 30.26; 66.18
643; 1095; 10231.68; 217.1; 221.28
644; 1063; 9830.2; 183.23; 67.96
645; 278; 10477.02; 52.27; 96.22
646; 750; 10121.84; 26.29; 70.89
647; 565; 11062.05; 41.03; 77.29
648; 883; 10398.06; 108.31; 44.64
649; 331; 10627.85; 128.63; 199.74
650; 310; 11400.65; 171.34; 13.45
651; 936; 9327.43; 163.26; 34.73
652; 672; 9775.6; 26.63; 198.98
653; 244; 7770.49; 212.19; 4.08
654; 663; 9118.01; 19.95; 115.08
655; 321; 9669.44; 283.51; 75.41
656; 903; 10344.12; 66.0; 79.13
657; 919; 10220.69; 100.26; 109.7
658; 164; 9792.07; 103.55; 14.56
659; 154; 12107.97; 283.86; 60.73
660; 897; 9498.04; 84.32; 59.14
661; 219; 11495.73; 47.67; 128.38
662; 851; 9589.51; 185.02; 170.95
663; 111; 7676.82; 26.15; 242.73
664; 994; 9555.69; 134.99; 204.13
665; 603; 7976.12; 181.02; 67.9
666; 415; 11454.94; 149.7; 129.74
667; 53; 10242.25; 97.28; 130.72
668; 764; 9185.91; 211.78; 202.86
669; 1031; 11540.88; 158.88; 94.48
670; 591; 9609.94; 33.36; 145.58
671; 367; 10000.92; 203.89; 10.48
672; 810; 11128.31; 9.4; 102.89
673; 1001; 9276.43; 174.35; 148.19
674; 619; 9691.88; 120.74; 185.16
675; 188; 9365.43; 163.59; 9.43
676; 1004; 11790.87; 17.2; 76.51
677; 683; 9421.49; 64.23; 222.35
678; 448; 10362.37; 101.07; 100.94
679; 585; 10366.33; 171.59; 48.96
680; 70; 8051.14; 99.91; 116.99
681; 793; 11295.34; 195.19; 19.08
682; 598; 10253.87; 23.67; 172.15
683; 371; 9192.95; 170.3; 15.46
684; 980; 10343.97; 30.11; 9.99
685; 207; 9499.68; 44.9; 107.73
686; 206; 8799.02; 115.03; 44.55
687; 542; 10291.44; 165.3; 60.43
688; 455; 9653.61; 50.39; 85.11
689; 125; 8979.2; 16.34; 59.51
690; 80; 10945.39; 63.08; 57.47
691; 691; 8415.81; 57.71; 129.84
692; 36; 10136.82; 137.96; 206.45
693; 248; 10444.86; 96.81; 73.03
694; 622; 9549.14; 114.37; 197.23
695; 338; 8571.41; 162.78; 193.07
696; 1064; 10549.96; 233.5; 22.25
697; 1096; 12025.07; 156.07; 137.99
698; 124; 9072.57; 10.99; 117.27
699; 46; 8934.84; 111.29; 140.65
700; 58; 10225.26; 82.19; 146.49
701; 100; 8619.75; 148.56; 186.42
702; 557; 9157.44; 243.59; 34.37
703; 194; 11554.79; 191.54; 85.97
704; 450; 12105.89; 29.04; 218.67
705; 251; 9395.72; 106.59; 206.05
706; 57; 11565.25; 174.49; 96.89
707; 86; 10747.87; 107.1; 16.76
708; 213; 10079.1; 93.98; 63.02
709; 192; 9068.36; 93.85; 40.5
710; 587; 10829.92; 101.21; 121.22
711; 71; 11062.32; 378.19; 220.03
712; 959; 9071.01; 260.26; 107.81
713; 843; 9586.15; 188.35; 144.25
714; 125; 10258.64; 15.21; 84.41
715; 991; 9741.31; 16.97; 172.89
716; 1100; 10877.3; 150.33; 17.98
717; 977; 8343.35; 18.48; 112.3
718; 377; 9158.08; 116.7; 67.08
719; 407; 9214.13; 116.91; 117.71
720; 203; 9740.15; 118.02; 197.82
721; 548; 11577.44; 397.14; 177.54
722; 1083; 10209.16; 40.54; 141.34
723; 576; 9735.14; 40.46; 251.19
724; 742; 10822.96; 24.7; 38.05
725; 186; 9861.96; 16.09; 151.86
726; 187; 8740.87; 220.68; 78.59
727; 32; 10395.6; 194.71; 150.53
728; 360; 9783.6; 152.65; 49.8
729; 72; 11192.8; 78.35; 45.78
730; 501; 9361.5; 32.83; 31.65
731; 232; 9907.15; 192.4; 8.18
732; 560; 10678.57; 15.25; 32.19
733; 491; 8346.2; 185.37; 167.63
734; 332; 10407.89; 19.14; 116.27
735; 180; 10256.0; 28.36; 37.89
736; 339; 9272.61; 157.98; 49.92
737; 859; 9508.33; 213.91; 118.66
738; 754; 10513.91; 156.89; 116.48
739; 952; 10860.81; 1.22; 88.74
740; 400; 10172.48; 203.74; 71.9
741; 958; 8141.16; 115.42; 34.85
742; 153; 9562.78; 233.31; 274.55
743; 0; 9181.9; 158.97; 63.46
744; 808; 9670.71; 174.54; 72.81
745; 305; 10092.16; 92.25; 232.04
746; 314; 10454.14; 32.26; 224.42
747; 558; 9295.28; 100.78; 165.71
748; 1098; 10031.18; 145.8; 142.34
749; 251; 9726.89; 47.34; 264.38
750; 246; 10806.45; 190.13; 6.29
751; 829; 10927.29; 19.42; 60.34
752; 433; 9192.75; 47.3; 43.29
753; 76; 12669.19; 97.36; 45.64
754; 317; 9412.11; 3.19; 60.7
755; 934; 9963.78; 110.7; 182.0
756; 268; 11379.32; 87.85; 75.47
757; 851; 8787.37; 52.82; 0.41
758; 484; 10591.64; 82.54; 49.82
759; 461; 9006.82; 7.97; 161.82
760; 580; 9907.25; 21.21; 181.04
761; 412; 8531.97; 212.99; 195.33
762; 1048; 9259.43; 168.17; 165.12
763; 237; 9471.96; 150.45; 162.97
764; 770; 10286.98; 103.24; 63.98
765; 908; 10736.62; 70.98; 224.61
766; 87; 10218.57; 72.41; 26.71
767; 753; 10200.69; 98.47; 3.68
768; 932; 9837.62; 71.66; 84.12
769; 777; 11654.53; 137.86; 58.88
770; 517; 10512.54; 104.96; 64.2
771; 465; 9340.17; 212.81; 302.35
772; 107; 11672.62; 145.67; 248.05
773; 179; 9935.43; 100.8; 126.98
774; 170; 8768.29; 81.79; 200.95
775; 1001; 10834.26; 274.27; 23.56
776; 324; 8813.63; 110.35; 97.78
777; 1098; 9851.86; 192.26; 256.93
778; 635; 9212.04; 271.32; 44.49
779; 838; 8082.27; 24.7; 120.96
780; 882; 10524.88; 259.08; 167.34
781; 542; 11694.1; 18.49; 120.87
782; 951; 10448.18; 64.62; 231.86
783; 762; 9424.92; 174.06; 156.4
784; 760; 9376.11; 71.22; 14.14
785; 17; 8198.74; 32.9; 236.74
786; 261; 10096.46; 46.18; 140.22
787; 769; 11551.98; 75.38; 117.38
788; 800; 11905.93; 178.86; 173.25
789; 183; 8690.23; 145.1; 151.23
790; 664; 10583.89; 248.94; 366.69
791; 385; 9919.29; 156.14; 30.95
792; 88; 9888.33; 239.08; 138.11
793; 1030; 11187.92; 49.7; 228.91
794; 338; 9547.38; 83.85; 163.86
795; 820; 8712.78; 214.21; 212.88
796; 877; 10838.27; 82.38; 111.49
797; 676; 10714.89; 25.29; 49.54
798; 311; 8812.52; 170.75; 242.98
799; 576; 10560.93; 281.95; 54.25
800; 447; 9729.92; 57.61; 81.07
801; 420; 9046.14; 187.41; 1.89
802; 303; 11166.1; 25.98; 39.39
803; 1048; 10955.36; 106.52; 275.18
804; 1069; 10997.13; 40.42; 50.19
805; 520; 10353.81; 0.66; 182.67
806; 580; 9515.15; 127.31; 49.9
807; 923; 9551.12; 138.09; 229.61
808; 100; 11831.29; 3.44; 40.24
809; 713; 10909.74; 221.18; 5.26
810; 629; 7025.94; 54.36; 92.77
811; 107; 8972.58; 247.13; 135.25
812; 974; 9403.7; 87.43; 122.25
813; 151; 11475.16; 78.73; 148.92
814; 174; 8402.71; 225.07; 129.71
815; 1050; 8752.85; 232.83; 183.71
816; 469; 10933.52; 24.91; 162.37
817; 211; 8994.05; 76.67; 78.43
818; 440; 10485.28; 2.08; 102.64
819; 831; 10938.72; 223.3; 68.86
820; 988; 9054.22; 279.92; 259.22
821; 480; 10769.14; 124.43; 139.13
822; 1062; 11511.35; 331.0; 61.15
823; 164; 9718.49; 179.66; 219.54
824; 830; 10982.18; 8.51; 20.91
825; 392; 9370.38; 79.04; 216.93
826; 82; 10022.59; 80.95; 14.94
827; 937; 9741.25; 67.06; 121.47
828; 360; 10977.54; 68.69; 89.75
829; 192; 10802.97; 172.47; 117.74
830; 45; 10466.61; 319.71; 161.28
831; 255; 10292.74; 171.87; 83.27
832; 601; 9744.86; 75.6; 228.37
833; 1073; 8261.09; 32.34; 163.2
834; 552; 9633.56; 26.59; 115.59
835; 238; 8762.35; 93.19; 160.59
836; 181; 10079.07; 112.69; 29.29
837; 1091; 11732.22; 32.17; 168.18
838; 304; 10768.25; 51.08; 191.48
839; 719; 9298.04; 113.0; 105.95
840; 101; 9791.21; 110.17; 50.93
841; 795; 10502.76; 14.49; 94.33
842; 692; 9647.32; 86.51; 239.64
843; 99; 9333.01; 252.52; 28.73
844; 720; 10463.87; 55.03; 10.37
845; 155; 9978.0; 86.49; 87.93
846; 532; 8993.51; 247.31; 121.21
847; 1074; 8640.59; 39.75; 173.43
848; 887; 9231.6; 47.16; 27.66
849; 986; 8568.14; 14.72; 43.23
850; 322; 9645.75; 124.1; 31.68
851; 1068; 9981.16; 270.69; 101.24
852; 934; 11930.91; 21.36; 49.32
853; 198; 9532.6; 200.59; 145.16
854; 1023; 8988.57; 71.4; 93.54
855; 455; 11071.34; 336.53; 11.83
856; 184; 9939.44; 277.9; 51.14
857; 1062; 8624.77; 369.03; 99.87
858; 915; 11601.32; 44.57; 170.25
859; 1057; 10771.39; 154.85; 174.41
860; 433; 8928.12; 73.95; 171.11
861; 173; 11896.49; 205.14; 72.85
862; 582; 8800.97; 16.2; 95.05
863; 24; 10720.12; 141.42; 168.73
864; 575; 11087.63; 84.57; 148.12
865; 416; 10827.13; 90.68; 183.4
866; 48; 9633.33; 33.36; 70.45
867; 886; 10295.3; 115.71; 142.26
868; 224; 10123.18; 11.57; 181.01
869; 832; 10608.0; 127.85; 88.05
870; 982; 8337.7; 89.31; 157.1
871; 511; 10834.58; 169.48; 226.83
872; 962; 8032.13; 107.92; 22.84
873; 407; 8858.67; 59.82; 88.51
874; 750; 10797.46; 85.72; 32.07
875; 612; 9032.18; 81.79; 171.25
876; 824; 9329.06; 7.12; 199.66
877; 602; 8909.22; 17.34; 66.17
878; 1003; 10027.25; 156.21; 175.74
879; 260; 11355.3; 122.76; 139.22
880; 483; 9700.25; 23.7; 107.53
881; 205; 9120.42; 145.61; 36.73
882; 1013; 10337.39; 112.18; 254.11
883; 728; 9369.01; 49.04; 317.1
884; 750; 9991.42; 54.81; 48.23
885; 431; 10408.31; 227.86; 109.93
886; 974; 8823.64; 76.35; 65.72
887; 973; 9680.73; 121.91; 277.67
888; 1000; 10405.23; 115.66; 213.39
889; 641; 10893.11; 201.23; 203.99
890; 49; 10067.98; 24.35; 49.7
891; 995; 9522.56; 43.93; 12.95
892; 13; 9276.6; 66.2; 221.41
893; 462; 10505.79; 89.87; 222.45
894; 483; 9219.0; 4.84; 200.89
895; 151; 9688.36; 55.68; 298.5
896; 113; 11250.88; 156.41; 212.18
897; 196; 8577.6; 277.05; 25.68
898; 1048; 10734.6; 88.27; 155.57
899; 26; 10965.7; 95.56; 9.83
900; 289; 8990.22; 72.17; 99.91
901; 803; 10006.07; 16.37; 182.83
902; 843; 11080.33; 326.21; 33.53
903; 279; 10018.71; 7.26; 226.72
904; 898; 9413.57; 110.46; 79.36
905; 1100; 9818.71; 55.1; 203.78
906; 731; 10652.03; 198.95; 238.32
907; 584; 7111.02; 91.69; 37.01
908; 1003; 9299.65; 85.54; 59.59
909; 163; 10091.77; 19.92; 80.28
910; 110; 10693.56; 85.66; 150.5
911; 910; 9268.47; 108.58; 23.23
912; 340; 11109.32; 49.36; 122.91
913; 157; 9815.23; 65.35; 65.84
914; 282; 9207.68; 85.13; 102.08
915; 323; 8999.51; 32.48; 161.54
916; 126; 9934.85; 192.15; 23.42
917; 58; 10287.73; 27.42; 56.37
918; 540; 9899.64; 2.13; 68.79
919; 513; 8982.02; 44.99; 55.6
920; 588; 10663.03; 14.2; 141.16
921; 295; 10453.88; 149.56; 234.82
922; 524; 10050.49; 20.81; 19.62
923; 439; 9236.3; 168.81; 52.43
924; 958; 10636.55; 112.82; 47.33
925; 807; 9876.74; 171.01; 260.52
926; 1071; 9586.05; 1.64; 79.28
927; 979; 11280.8; 62.54; 103.38
928; 783; 9583.17; 69.63; 117.95
929; 1093; 12313.36; 183.74; 96.76
930; 43; 10418.78; 101.6; 223.03
931; 249; 10126.34; 5.67; 30.99
932; 368; 9733.09; 124.77; 197.46
933; 593; 9735.02; 111.94; 165.2
934; 720; 8510.16; 101.66; 84.52
935; 794; 10038.8; 39.26; 7.77
936; 474; 10287.04; 93.74; 24.66
937; 1089; 9645.46; 175.57; 83.77
938; 616; 10314.62; 42.38; 117.39
939; 1040; 9323.34; 42.28; 30.86
940; 276; 8640.59; 20.07; 179.95
941; 609; 10338.57; 33.64; 22.59
942; 213; 8943.31; 74.66; 33.33
943; 213; 10617.87; 56.38; 67.84
944; 1029; 10571.67; 55.37; 112.4
945; 843; 10655.59; 125.91; 244.71
946; 1093; 10465.37; 141.73; 65.27
947; 618; 9441.57; 11.17; 33.46
948; 1067; 9648.38; 203.79; 136.28
949; 604; 8565.54; 236.65; 182.95
950; 459; 9668.25; 26.5; 86.61
951; 842; 10928.05; 190.06; 88.28
952; 904; 10079.22; 40.64; 87.94
953; 827; 10701.07; 59.15; 35.79
954; 688; 10548.56; 97.85; 43.87
955; 1020; 10985.84; 185.15; 130.34
956; 521; 10980.3; 223.47; 14.01
957; 34; 11348.62; 140.77; 5.85
958; 584; 9374.95; 113.25; 289.69
959; 488; 9121.06; 96.36; 252.47
960; 191; 8659.29; 188.57; 252.53
961; 750; 12490.1; 124.31; 151.13
962; 798; 9294.46; 118.3; 16.77
963; 251; 10876.54; 30.38; 23.31
964; 192; 11705.27; 182.97; 6.01
965; 911; 10026.97; 92.1; 59.32
966; 911; 9816.79; 45.75; 110.85
967; 182; 10484.72; 45.35; 51.28
968; 619; 10205.37; 56.38; 155.89
969; 475; 10829.78; 225.84; 58.2
970; 1090; 9501.45; 22.29; 43.01
971; 154; 10614.12; 106.18; 32.16
972; 346; 9518.47; 12.77; 192.48
973; 197; 10632.76; 106.59; 88.29
974; 219; 8554.78; 151.94; 158.5
975; 224; 11389.38; 113.89; 218.79
976; 1032; 8910.55; 49.41; 213.12
977; 179; 10233.2; 139.25; 288.73
978; 430; 10884.18; 5.47; 172.55
979; 377; 10349.47; 238.56; 202.85
980; 332; 10469.15; 115.86; 10.14
981; 738; 10027.21; 140.58; 94.78
982; 726; 10541.0; 268.01; 142.08
983; 1007; 10157.95; 39.77; 128.08
984; 183; 9581.7; 106.49; 23.25
985; 287; 9558.89; 121.51; 138.38
986; 238; 10504.74; 11.36; 110.74
987; 292; 9024.01; 120.3; 57.79
988; 334; 8753.19; 14.34; 96.38
989; 167; 10682.76; 73.96; 33.54
990; 58; 10448.19; 163.76; 22.93
991; 924; 10592.61; 143.5; 5.95
992; 680; 9546.57; 145.43; 116.33
993; 1092; 10061.92; 51.81; 82.62
994; 597; 10232.75; 35.6; 144.09
995; 999; 9564.26; 165.61; 215.36
996; 692; 10709.69; 109.78; 27.98
997; 199; 10042.2; 176.44; 109.89
998; 400; 9966.88; 76.81; 109.51
999; 1056; 10474.83; 141.9; 76.42
1000; 841; 9678.0; 65.19; 213.06
1001; 559; 10201.89; 270.88; 7.4
1002; 765; 9891.02; 176.39; 226.1
1003; 781; 9145.79; 74.46; 162.39
1004; 868; 9862.47; 22.37; 25.2
1005; 88; 9384.04; 35.71; 127.83
1006; 191; 10691.6; 130.88; 67.13
1007; 567; 9783.28; 40.32; 241.13
1008; 324; 10167.48; 96.65; 63.41
1009; 739; 13177.71; 167.88; 65.75
1010; 144; 11225.01; 101.31; 168.38
1011; 473; 9738.67; 22.82; 173.69
1012; 964; 8984.96; 98.57; 373.87
1013; 748; 10791.36; 104.92; 78.74
1014; 273; 8669.01; 187.54; 62.98
1015; 1074; 10143.03; 29.83; 25.95
1016; 604; 9699.33; 170.96; 38.52
1017; 610; 9659.24; 163.54; 148.87
1018; 763; 11473.15; 114.82; 37.51
1019; 157; 10282.69; 154.73; 172.74
1020; 504; 9877.11; 53.43; 186.05
1021; 254; 9380.78; 178.52; 162.63
1022; 289; 10451.89; 87.81; 73.56
1023; 102; 10137.15; 253.53; 133.52
1024; 292; 10831.5; 51.25; 216.19
1025; 939; 9985.36; 130.39; 146.45
1026; 782; 9310.19; 202.18; 18.5
1027; 1080; 8711.39; 92.74; 30.21
1028; 544; 9617.0; 104.61; 143.01
1029; 372; 10682.12; 11.35; 132.88
1030; 67; 9950.5; 198.91; 75.9
1031; 290; 9645.65; 140.35; 47.23
1032; 501; 10465.0; 55.8; 87.59
1033; 1087; 9047.52; 103.46; 17.04
1034; 157; 9949.3; 209.05; 98.24
1035; 817; 9811.81; 131.16; 162.99
1036; 110; 11226.45; 104.86; 60.26
1037; 139; 10441.89; 81.91; 78.28
1038; 135; 10773.38; 55.35; 82.67
1039; 405; 9522.38; 149.53; 138.45
1040; 969; 9148.25; 309.59; 159.27
1041; 813; 10482.18; 271.63; 34.74
1042; 556; 9831.62; 169.92; 47.07
1043; 486; 11225.35; 56.62; 2.53
1044; 788; 10319.89; 23.68; 38.85
1045; 322; 10548.85; 31.75; 158.93
1046; 583; 10748.94; 251.29; 102.14
1047; 728; 9926.21; 179.82; 130.23
1048; 480; 9371.61; 2.5; 41.61
1049; 597; 9577.59; 18.57; 220.72
1050; 877; 10274.43; 109.92; 140.87
1051; 153; 11217.92; 40.94; 89.84
1052; 343; 9132.12; 84.05; 161.71
1053; 116; 9233.39; 266.69; 41.02
1054; 697; 10902.57; 67.13; 249.68
1055; 727; 9824.32; 85.55; 140.66
1056; 509; 10755.51; 31.17; 104.69
1057; 28; 8215.73; 59.74; 98.13
1058; 1080; 9356.6; 197.01; 69.37
1059; 1065; 9894.7; 217.97; 153.08
1060; 352; 10485.32; 56.39; 147.36
1061; 731; 11895.76; 232.47; 211.4
1062; 423; 10274.75; 24.43; 334.03
1063; 290; 10457.14; 22.28; 93.6
1064; 355; 10378.85; 74.13; 103.29
1065; 432; 13151.89; 256.4; 40.12
1066; 531; 11082.65; 188.14; 28.38
1067; 193; 9508.43; 67.88; 27.57
1068; 33; 9529.8; 40.55; 92.69
1069; 840; 10129.63; 192.83; 174.53
1070; 206; 10157.82; 184.8; 102.62
1071; 180; 9401.91; 74.53; 404.26
1072; 228; 9862.95; 111.35; 204.05
1073; 20; 9270.96; 318.08; 332.5
1074; 65; 7727.44; 37.07; 0.82
1075; 126; 9395.91; 22.88; 61.76
1076; 921; 11307.03; 70.59; 150.09
1077; 57; 9624.84; 119.15; 79.74
1078; 171; 9821.23; 47.18; 83.73
1079; 967; 11643.87; 69.62; 9.76
1080; 732; 9682.35; 45.04; 73.17
1081; 665; 11062.57; 121.31; 27.83
1082; 515; 9861.95; 85.72; 6.0
1083; 163; 8896.94; 204.59; 35.34
1084; 712; 9327.05; 218.51; 132.43
1085; 959; 9397.13; 107.94; 205.48
1086; 45; 7987.59; 86.44; 17.03
1087; 105; 8330.18; 124.97; 27.28
1088; 277; 11415.13; 8.34; 240.35
1089; 0; 10593.63; 98.49; 139.99
1090; 774; 10996.09; 293.78; 123.55
1091; 3; 9681.92; 96.84; 129.93
1092; 2; 9193.01; 99.56; 87.81
1093; 445; 8760.71; 29.83; 213.15
1094; 776; 8725.13; 88.27; 29.28
1095; 352; 9423.66; 30.54; 55.01
1096; 400; 8536.06; 179.41; 134.56
1097; 413; 9093.19; 218.01; 277.9
1098; 794; 10561.71; 69.93; 98.31
1099; 198; 9834.88; 131.81; 31.59
1100; 1070; 10560.13; 196.72; 168.07
1101; 189; 9255.22; 0.69; 170.76
1102; 68; 8381.79; 12.08; 187.8
1103; 1019; 10214.16; 54.81; 19.61
1104; 975; 11213.11; 155.96; 74.15
1105; 1067; 8919.94; 0.89; 145.86
1106; 474; 9404.6; 3.3; 127.48
1107; 943; 9561.46; 97.1; 311.53
1108; 1034; 10009.24; 145.52; 55.46
1109; 345; 10007.43; 135.69; 209.44
1110; 149; 10218.08; 33.73; 162.07
1111; 398; 8403.33; 97.98; 3.03
1112; 387; 8936.88; 132.51; 193.22
1113; 903; 8451.8; 185.73; 34.42
1114; 490; 8195.54; 201.56; 101.95
1115; 881; 10366.58; 22.78; 11.39
1116; 576; 8877.51; 58.98; 217.67
1117; 110; 10731.98; 308.12; 139.41
1118; 515; 10901.6; 32.75; 186.8
1119; 9; 9821.48; 180.47; 146.0
1120; 516; 10495.76; 17.58; 25.1
1121; 432; 11101.05; 91.74; 27.19
1122; 253; 10489.83; 24.1; 180.12
1123; 499; 8936.15; 24.23; 154.95
1124; 355; 8980.09; 153.1; 22.85
1125; 474; 9819.2; 61.87; 30.25
1126; 179; 10605.45; 151.07; 155.66
1127; 174; 9673.0; 111.41; 62.17
1128; 251; 10207.22; 144.72; 129.24
1129; 276; 10680.14; 73.69; 108.15
1130; 818; 11613.95; 139.0; 66.5
1131; 446; 11287.59; 113.24; 141.62
1132; 180; 10237.7; 228.02; 1.99
1133; 345; 9824.9; 100.56; 153.45
1134; 329; 9667.29; 243.88; 9.48
1135; 329; 8955.92; 120.07; 241.63
1136; 92; 9170.43; 188.34; 152.09
1137; 169; 10375.48; 106.8; 20.46
1138; 44; 9774.85; 183.82; 115.21
1139; 642; 10560.2; 57.99; 16.81
1140; 447; 10122.89; 35.83; 111.25
1141; 490; 9652.99; 124.53; 137.58
1142; 233; 10653.97; 64.84; 216.93
1143; 712; 10599.77; 81.84; 106.58
1144; 53; 10713.22; 88.15; 332.5
1145; 116; 8218.79; 31.41; 79.66
1146; 468; 12401.26; 115.78; 79.06
1147; 253; 9082.43; 100.99; 105.32
1148; 812; 7902.45; 167.06; 261.93
1149; 182; 12264.02; 60.48; 191.74
1150; 490; 9487.26; 7.0; 12.17
1151; 191; 9477.04; 90.78; 251.66
1152; 933; 10929.89; 1.35; 173.63
1153; 386; 9547.83; 137.14; 212.01
1154; 452; 9919.43; 32.4; 82.36
1155; 314; 11452.64; 30.21; 184.27
1156; 49; 10069.88; 4.2; 82.02
1157; 961; 9251.14; 5.15; 171.21
1158; 734; 9221.96; 40.19; 97.72
1159; 112; 10918.21; 280.04; 178.99
1160; 1087; 9569.61; 197.46; 16.25
1161; 809; 10432.45; 68.74; 152.48
1162; 288; 11276.26; 126.09; 151.99
1163; 24; 9478.86; 112.83; 97.73
1164; 451; 9617.8; 11.65; 58.77
1165; 303; 10324.08; 62.44; 99.5
1166; 723; 9877.22; 169.26; 279.42
1167; 570; 10667.66; 157.7; 149.53
1168; 650; 11033.52; 260.31; 154.24
1169; 946; 9816.11; 45.48; 57.96
1170; 182; 9388.19; 26.13; 195.39
1171; 1042; 11395.68; 35.15; 156.48
1172; 513; 10208.54; 211.06; 196.04
1173; 357; 9943.73; 90.13; 227.56
1174; 107; 10179.98; 201.07; 184.82
1175; 458; 10808.09; 16.07; 56.94
1176; 135; 8618.83; 134.7; 128.85
1177; 32; 9891.41; 98.87; 135.48
1178; 202; 10678.26; 103.08; 4.18
1179; 938; 10600.63; 124.25; 71.41
1180; 997; 10447.71; 106.16; 171.26
1181; 1043; 9297.08; 207.05; 152.88
1182; 803; 9288.37; 44.98; 17.25
1183; 243; 10565.53; 101.26; 6.89
1184; 1091; 10578.36; 5.31; 191.8
1185; 989; 9934.53; 105.05; 106.93
1186; 708; 9858.49; 7.97; 309.05
1187; 811; 11322.76; 48.53; 266.07
1188; 882; 7857.29; 218.83; 32.11
1189; 868; 9677.47; 86.87; 36.58
1190; 724; 9557.36; 101.88; 183.53
1191; 217; 9931.34; 20.14; 151.98
1192; 816; 11986.9; 117.59; 84.02
1193; 624; 9984.42; 126.87; 116.09
1194; 838; 9025.8; 68.27; 204.24
1195; 853; 10846.17; 24.88; 425.82
1196; 130; 10312.81; 2.76; 137.33
1197; 251; 9659.46; 70.56; 53.96
1198; 878; 10586.7; 179.74; 155.29
1199; 46; 10304.18; 149.15; 167.54
1200; 962; 8863.62; 119.36; 143.03
1201; 448; 10990.44; 122.19; 144.77
1202; 256; 11718.21; 121.75; 128.51
1203; 318; 9606.44; 42.27; 10.35
1204; 116; 9727.91; 79.02; 26.14
1205; 1068; 8978.5; 70.35; 134.96
1206; 674; 8779.15; 319.0; 127.55
1207; 1011; 10790.41; 30.19; 115.34
1208; 1091; 9201.55; 121.8; 44.35
1209; 489; 11506.05; 91.81; 96.93
1210; 644; 9331.07; 296.09; 225.44
1211; 879; 9974.8; 118.62; 198.38
1212; 1028; 10292.1; 91.96; 1.23
1213; 743; 8575.89; 0.56; 131.71
1214; 691; 9183.07; 125.55; 170.94
1215; 382; 8681.47; 91.84; 79.53
1216; 557; 10051.37; 123.38; 226.63
1217; 998; 8874.55; 11.1; 127.29
1218; 199; 8908.68; 170.48; 19.56
1219; 968; 10041.11; 247.26; 83.65
1220; 300; 10159.82; 65.35; 176.59
1221; 658; 10391.64; 146.87; 210.8
1222; 1077; 11108.34; 138.05; 206.15
1223; 327; 9298.0; 76.32; 125.74
1224; 446; 8925.45; 153.12; 174.65
1225; 949; 11081.38; 2.66; 55.06
1226; 878; 9416.93; 86.76; 163.82
1227; 190; 11098.25; 113.25; 55.73
1228; 1069; 8528.72; 172.66; 44.92
1229; 213; 9192.43; 126.11; 115.07
1230; 439; 10818.86; 281.17; 123.64
1231; 664; 8998.65; 32.97; 164.78
1232; 704; 8875.31; 205.27; 16.64
1233; 1089; 10252.17; 15.37; 91.27
1234; 215; 9534.18; 107.9; 29.64
1235; 159; 10344.2; 20.3; 142.91
1236; 643; 10017.7; 170.79; 222.43
1237; 613; 8493.18; 98.97; 268.7
1238; 258; 9324.28; 233.03; 251.5
1239; 835; 9953.44; 148.98; 260.44
1240; 746; 9522.22; 158.53; 60.08
1241; 27; 10259.8; 73.26; 241.42
1242; 38; 10871.25; 115.82; 101.71
1243; 3; 8452.86; 56.81; 51.53
1244; 668; 10256.41; 96.97; 200.55
1245; 221; 10400.91; 104.06; 35.19
1246; 42; 9493.41; 171.55; 78.89
1247; 1023; 10133.7; 99.21; 59.94
1248; 1055; 10097.19; 164.94; 49.84
1249; 72; 9210.56; 39.27; 78.12
1250; 592; 9672.2; 431.59; 88.69
1251; 290; 9553.73; 262.32; 52.16
1252; 181; 12847.47; 64.18; 14.47
1253; 108; 8604.15; 233.94; 253.8
1254; 284; 11024.18; 137.97; 290.63
1255; 326; 9968.51; 18.4; 96.34
1256; 632; 9447.32; 139.88; 182.79
1257; 452; 9280.53; 217.56; 267.17
1258; 1014; 9160.87; 226.54; 31.4
1259; 935; 8541.93; 35.86; 216.1
1260; 722; 10991.07; 103.61; 174.12
1261; 757; 8995.81; 70.73; 15.06
1262; 1099; 8880.79; 25.82; 106.59
1263; 4; 10718.99; 127.38; 285.57
1264; 548; 11600.42; 157.83; 24.79
1265; 15; 9603.96; 155.87; 208.65
1266; 20; 10740.41; 82.92; 89.58
1267; 457; 8540.89; 109.27; 277.08
1268; 554; 8833.16; 323.2; 35.82
1269; 781; 9605.47; 130.3; 257.76
1270; 944; 10435.67; 11.45; 227.35
1271; 384; 9063.76; 99.35; 46.26
1272; 662; 10290.44; 107.95; 119.66
1273; 955; 10049.77; 4.89; 214.63
1274; 1093; 9679.11; 204.7; 4.48
1275; 237; 7544.76; 103.82; 250.92
1276; 712; 10973.98; 135.14; 273.43
1277; 803; 10652.87; 85.97; 281.97
1278; 746; 10373.91; 12.86; 128.43
1279; 632; 10871.1; 141.78; 253.67
1280; 599; 9859.41; 17.57; 26.09
1281; 371; 11603.94; 7.55; 226.44
1282; 953; 9050.42; 225.8; 10.89
1283; 465; 9917.25; 39.64; 82.8
1284; 931; 9527.16; 72.58; 198.83
1285; 131; 8153.95; 81.49; 85.18
1286; 180; 9875.52; 48.1; 129.56
1287; 930; 8339.54; 164.52; 137.65
1288; 476; 10631.76; 182.4; 151.24
1289; 601; 10422.38; 92.89; 139.99
1290; 677; 11705.36; 103.93; 10.39
1291; 41; 9712.99; 123.15; 208.8
1292; 215; 10542.07; 153.73; 140.0
1293; 223; 9766.51; 41.62; 235.76
1294; 277; 9996.33; 105.42; 253.48
1295; 332; 8079.84; 15.54; 66.24
1296; 794; 11011.7; 119.81; 24.96
1297; 237; 9550.02; 35.85; 143.23
1298; 461; 10222.47; 20.83; 117.44
1299; 818; 10785.76; 42.3; 181.65
1300; 425; 10010.95; 206.06; 129.99
1301; 302; 9197.49; 125.12; 266.29
1302; 91; 10287.15; 196.71; 193.23
1303; 1058; 10249.51; 65.27; 148.74
1304; 266; 10998.41; 12.65; 159.58
1305; 837; 7964.61; 125.11; 44.45
1306; 29; 11034.21; 293.6; 77.33
1307; 297; 10275.67; 101.38; 16.17
1308; 546; 9686.88; 73.22; 267.31
1309; 579; 8162.5; 150.72; 18.58
1310; 245; 8293.13; 31.56; 157.98
1311; 352; 11690.82; 304.23; 157.12
1312; 612; 9871.29; 89.62; 70.06
1313; 849; 10358.82; 62.03; 81.47
1314; 502; 9044.42; 25.22; 172.62
1315; 36; 11092.37; 91.04; 204.74
1316; 41; 10856.82; 37.66; 153.16
1317; 295; 10031.24; 117.11; 216.58
1318; 368; 12283.6; 100.06; 367.04
1319; 960; 9430.41; 115.66; 156.64
1320; 393; 10125.46; 5.77; 202.55
1321; 514; 9146.41; 36.25; 145.43
1322; 1078; 10853.81; 32.38; 74.86
1323; 607; 9642.94; 71.66; 38.77
1324; 557; 9920.73; 1.58; 73.18
1325; 385; 10690.81; 64.64; 172.01
1326; 61; 9697.96; 61.53; 101.13
1327; 1098; 10016.68; 44.09; 100.93
1328; 491; 11361.77; 156.06; 116.59
1329; 391; 12570.35; 102.32; 104.77
1330; 94; 10254.59; 100.19; 164.85
1331; 15; 10538.62; 133.8; 77.96
1332; 786; 8465.45; 14.62; 254.33
1333; 804; 9522.22; 86.68; 315.86
1334; 593; 9239.58; 70.67; 79.19
1335; 337; 10046.66; 38.56; 25.71
1336; 109; 9678.77; 38.5; 235.08
1337; 536; 11327.37; 23.34; 233.05
1338; 340; 10237.29; 224.32; 172.77
1339; 996; 8909.83; 14.43; 98.41
1340; 171; 10848.42; 174.54; 42.38
1341; 256; 10833.71; 177.34; 106.33
1342; 438; 11322.0; 158.99; 196.44
1343; 83; 11264.42; 64.6; 237.52
1344; 183; 11530.57; 185.4; 70.8
1345; 885; 9996.83; 98.75; 19.82
1346; 27; 11418.48; 232.19; 159.88
1347; 180; 10338.43; 40.08; 50.28
1348; 862; 11096.38; 116.8; 81.55
1349; 52; 10314.75; 54.42; 24.83
1350; 528; 11198.75; 5.12; 139.23
1351; 345; 10417.34; 188.86; 89.28
1352; 805; 9573.77; 124.05; 51.52
1353; 73; 9651.99; 102.82; 157.79
1354; 541; 8465.82; 209.22; 29.95
1355; 297; 13025.9; 125.91; 66.34
1356; 1030; 10055.25; 74.77; 153.23
1357; 544; 10700.28; 6.54; 167.41
1358; 590; 9351.31; 239.24; 108.58
1359; 28; 9433.2; 168.05; 139.69
1360; 909; 10053.51; 0.9; 175.26
1361; 273; 9499.83; 159.48; 19.33
1362; 410; 9897.0; 343.03; 73.32
1363; 658; 10031.42; 85.79; 119.48
1364; 682; 8878.11; 175.51; 33.1
1365; 156; 9626.52; 135.17; 236.75
1366; 734; 9791.79; 185.15; 140.47
1367; 324; 10264.72; 40.69; 40.39
1368; 411; 8640.89; 224.21; 41.0
1369; 176; 11260.68; 128.02; 264.3
1370; 640; 9064.83; 54.96; 97.28
1371; 601; 8523.33; 237.45; 2.4
1372; 7; 8787.19; 254.76; 192.12
1373; 852; 9001.43; 54.31; 134.63
1374; 459; 9449.7; 255.66; 108.78
1375; 633; 9549.32; 168.43; 137.94
1376; 1000; 10897.49; 128.44; 57.45
1377; 1064; 10558.36; 139.72; 231.06
1378; 665; 11134.66; 12.79; 25.19
1379; 472; 9253.19; 51.5; 139.84
1380; 55; 9076.99; 252.72; 38.48
1381; 932; 9204.28; 239.2; 150.8
1382; 1059; 9608.96; 54.9; 11.21
1383; 854; 12578.38; 202.74; 25.07
1384; 222; 9086.06; 67.03; 219.23
1385; 577; 9246.01; 149.22; 81.41
1386; 247; 10323.74; 29.38; 216.1
1387; 575; 10142.41; 230.55; 63.11
1388; 1062; 8565.52; 57.39; 168.65
1389; 734; 10913.58; 276.26; 101.61
1390; 825; 10539.13; 49.67; 63.89
1391; 108; 10439.95; 112.19; 43.88
1392; 229; 11299.73; 80.58; 155.49
1393; 1093; 10098.63; 21.13; 102.96
1394; 100; 11773.91; 160.36; 75.44
1395; 622; 9366.99; 43.05; 258.4
1396; 740; 11888.79; 122.59; 85.5
1397; 986; 11414.57; 236.55; 46.91
1398; 240; 10988.8; 170.7; 0.95
1399; 676; 8164.77; 8.07; 164.39
1400; 627; 10463.64; 163.78; 122.85
1401; 1069; 12225.48; 22.08; 188.95
1402; 182; 9739.57; 64.93; 233.44
1403; 866; 8960.82; 173.35; 233.59
1404; 397; 9659.47; 79.52; 154.81
1405; 231; 9715.67; 276.22; 25.47
1406; 110; 10618.53; 90.82; 214.06
1407; 690; 8742.54; 153.38; 32.02
1408; 454; 13049.36; 86.22; 106.08
1409; 236; 10657.94; 210.66; 124.92
1410; 628; 9999.02; 31.13; 15.12
1411; 224; 9902.91; 32.03; 62.44
1412; 126; 10133.73; 59.6; 31.5
1413; 842; 8160.41; 13.72; 126.8
1414; 862; 9891.23; 175.88; 264.72
1415; 514; 9242.23; 91.99; 114.64
1416; 201; 10699.37; 100.47; 106.21
1417; 1008; 11144.75; 253.95; 22.76
1418; 512; 9705.57; 98.8; 106.37
1419; 922; 9712.18; 72.37; 64.49
1420; 103; 11327.31; 10.74; 11.85
1421; 957; 9590.81; 113.47; 84.35
1422; 301; 8061.61; 48.11; 8.64
1423; 21; 10409.16; 12.98; 111.08
1424; 540; 10012.75; 146.77; 190.45
1425; 515; 9737.98; 149.56; 145.11
1426; 478; 11367.42; 221.11; 66.59
1427; 640; 10072.93; 307.22; 78.64
1428; 395; 11510.11; 123.86; 31.76
1429; 187; 8867.69; 44.07; 77.03
1430; 256; 10319.4; 386.13; 259.69
1431; 164; 10978.73; 89.68; 112.1
1432; 607; 8994.56; 238.5; 46.88
1433; 558; 10638.82; 95.34; 81.35
1434; 410; 8888.46; 41.59; 172.42
1435; 769; 9480.09; 153.92; 37.91
1436; 925; 10745.73; 52.47; 24.44
1437; 320; 9699.61; 13.76; 51.97
1438; 911; 9356.94; 237.98; 44.65
1439; 1072; 12141.63; 30.21; 156.4
1440; 221; 9863.69; 190.19; 170.7
1441; 638; 10481.66; 203.77; 196.2
1442; 473; 8281.37; 33.6; 179.7
1443; 793; 9612.25; 92.85; 83.15
1444; 812; 8877.77; 54.27; 42.93
1445; 704; 8779.47; 13.02; 103.87
1446; 183; 11853.86; 12.04; 130.08
1447; 889; 9578.29; 138.57; 63.05
1448; 533; 10001.99; 193.72; 72.29
1449; 1031; 9260.88; 141.99; 27.68
1450; 1003; 10336.41; 72.41; 207.18
1451; 895; 10186.42; 21.86; 78.39
1452; 79; 11272.39; 83.71; 72.76
1453; 200; 11766.31; 8.16; 122.8
1454; 667; 8705.92; 115.86; 125.78
1455; 54; 10228.54; 16.99; 133.0
1456; 85; 9405.87; 33.44; 166.54
1457; 214; 10093.23; 246.73; 71.34
1458; 255; 10348.91; 257.78; 207.83
1459; 411; 8667.44; 94.06; 18.82
1460; 283; 8059.88; 156.47; 85.39
1461; 189; 10806.56; 214.72; 153.09
1462; 949; 9652.67; 58.45; 114.6
1463; 921; 9049.7; 42.98; 47.38
1464; 452; 11361.96; 174.6; 183.95
1465; 534; 9742.65; 149.74; 10.85
1466; 984; 9642.8; 119.36; 143.94
1467; 473; 8730.05; 18.0; 131.86
1468; 921; 12538.53; 112.61; 119.86
1469; 492; 11351.31; 39.04; 85.21
1470; 547; 10798.71; 32.15; 38.03
1471; 901; 10435.25; 67.09; 34.72
1472; 326; 10366.42; 216.59; 170.95
1473; 950; 9352.45; 20.4; 52.88
1474; 515; 11246.54; 95.52; 79.34
1475; 254; 10215.62; 307.25; 49.64
1476; 1088; 10160.35; 113.15; 189.52
1477; 1057; 11055.71; 40.29; 54.74
1478; 544; 10123.84; 164.71; 75.05
1479; 892; 10614.22; 144.61; 23.87
1480; 856; 10842.77; 139.03; 68.37
1481; 414; 10395.49; 55.22; 60.17
1482; 188; 9508.86; 50.12; 90.09
1483; 660; 10710.75; 290.33; 23.36
1484; 871; 11074.53; 9.48; 260.54
1485; 178; 10330.5; 232.0; 185.61
1486; 629; 10437.54; 68.31; 34.74
1487; 436; 8950.99; 101.98; 76.57
1488; 228; 8559.38; 337.59; 40.34
1489; 744; 11186.46; 128.57; 19.73
1490; 807; 9930.48; 91.89; 72.5
1491; 25; 10971.39; 160.95; 117.85
1492; 458; 10636.57; 24.53; 51.4
1493; 956; 7539.89; 198.08; 192.5
1494; 821; 9701.47; 61.45; 36.93
1495; 136; 11016.17; 55.53; 213.0
1496; 820; 9677.3; 4.88; 45.95
1497; 1064; 10581.03; 115.18; 16.0
1498; 785; 10030.48; 123.06; 89.42
1499; 878; 9716.12; 84.29; 344.3
1500; 1063; 9384.62; 45.38; 56.47
1501; 220; 9773.47; 59.09; 54.2
1502; 644; 9599.12; 33.01; 27.92
1503; 307; 10368.07; 220.74; 157.99
1504; 487; 11193.39; 204.97; 161.53
1505; 1047; 8833.67; 57.3; 142.99
1506; 420; 8759.91; 19.4; 170.27
1507; 930; 9367.47; 34.13; 278.07
1508; 618; 9568.79; 93.62; 20.3
1509; 218; 8723.33; 26.92; 31.53
1510; 662; 9814.86; 252.59; 3.83
1511; 39; 10656.32; 110.71; 181.63
1512; 884; 9586.14; 69.5; 99.59
1513; 778; 9479.35; 64.22; 145.18
1514; 790; 9272.47; 78.32; 114.43
1515; 1016; 10624.46; 290.35; 75.67
1516; 182; 10372.78; 262.06; 8.29
1517; 229; 11405.22; 234.4; 298.08
1518; 567; 9636.76; 118.53; 33.58
1519; 47; 10197.85; 276.32; 4.8
1520; 145; 10811.02; 141.8; 81.01
1521; 357; 10454.83; 209.73; 0.73
1522; 651; 8908.86; 235.36; 155.45
1523; 9; 9786.41; 57.61; 7.31
1524; 521; 11152.38; 37.33; 80.07
1525; 239; 9529.91; 33.42; 82.32
1526; 8; 10168.82; 73.13; 143.39
1527; 913; 13048.98; 207.92; 108.53
1528; 372; 9484.53; 61.97; 15.64
1529; 1036; 10279.38; 168.82; 196.28
1530; 221; 9792.63; 22.94; 49.46
1531; 166; 9438.75; 46.94; 9.26
1532; 254; 10261.25; 18.08; 106.76
1533; 864; 9329.38; 225.9; 106.63
1534; 251; 9767.71; 100.75; 58.38
1535; 1053; 9753.17; 24.71; 413.96
1536; 1048; 8712.88; 128.47; 171.19
1537; 371; 10636.4; 42.69; 142.49
1538; 937; 10173.13; 131.03; 331.44
1539; 444; 9593.28; 38.91; 22.84
1540; 48; 8466.38; 89.94; 140.42
1541; 947; 9597.75; 138.78; 186.14
1542; 611; 8666.69; 208.15; 152.32
1543; 958; 11036.65; 94.78; 6.14
1544; 561; 10380.96; 49.06; 64.69
1545; 141; 10786.09; 140.5; 33.65
1546; 591; 10792.17; 114.23; 95.18
1547; 1099; 9865.52; 54.94; 28.65
1548; 987; 8880.95; 53.1; 62.19
1549; 1059; 8889.72; 124.49; 194.62
1550; 483; 10969.24; 104.61; 131.08
1551; 229; 10593.17; 286.75; 233.97
1552; 723; 9853.83; 266.63; 40.6
1553; 659; 9932.51; 123.67; 54.17
1554; 886; 9873.14; 164.21; 180.61
1555; 84; 9477.55; 341.57; 113.57
1556; 854; 8674.82; 124.38; 56.38
1557; 656; 8731.29; 20.83; 97.08
1558; 836; 9592.06; 165.4; 133.16
1559; 208; 10471.45; 57.45; 233.57
1560; 20; 9283.1; 335.15; 236.51
1561; 277; 11448.96; 58.51; 89.24
1562; 340; 10209.29; 184.1; 120.72
1563; 674; 11296.15; 113.75; 173.43
1564; 373; 9353.75; 116.59; 46.75
1565; 874; 10041.76; 182.79; 132.29
1566; 677; 9669.19; 181.94; 72.32
1567; 106; 9782.11; 51.07; 48.73
1568; 561; 11152.39; 179.85; 138.54
1569; 1077; 11522.79; 72.79; 32.74
1570; 1026; 11008.24; 59.52; 180.99
1571; 101; 9603.54; 161.93; 135.2
1572; 909; 9640.04; 329.16; 134.0
1573; 187; 10736.17; 8.26; 236.45
1574; 1001; 10570.34; 19.06; 106.01
1575; 705; 9521.24; 258.52; 105.23
1576; 424; 9368.45; 244.84; 261.11
1577; 427; 10163.33; 181.16; 185.97
1578; 527; 10734.83; 173.34; 101.46
1579; 219; 12548.01; 122.64; 73.92
1580; 329; 11306.9; 76.97; 168.63
1581; 484; 10584.65; 15.87; 41.12
1582; 996; 9283.63; 130.93; 121.42
1583; 215; 12255.65; 198.09; 186.9
1584; 1046; 10077.88; 211.86; 183.1
1585; 844; 7775.74; 47.52; 124.47
1586; 691; 9998.82; 0.71; 50.13
1587; 912; 8367.34; 324.06; 220.38
1588; 75; 9788.59; 189.98; 133.55
1589; 651; 11349.38; 14.55; 129.29
1590; 255; 8718.39; 196.98; 12.61
1591; 775; 9638.5; 84.58; 190.64
1592; 485; 10180.87; 41.98; 50.65
1593; 269; 9554.95; 46.9; 63.48
1594; 795; 10267.48; 167.53; 143.19
1595; 1083; 9041.04; 22.62; 9.69
1596; 1086; 10932.49; 115.73; 108.4
1597; 232; 10454.0; 40.01; 43.57
1598; 310; 11007.84; 215.02; 124.6
1599; 994; 9397.38; 65.83; 132.82
1600; 121; 11320.89; 81.22; 138.72
1601; 378; 11076.9; 164.44; 222.07
1602; 854; 9175.34; 127.54; 43.52
1603; 104; 9871.57; 228.97; 267.59
1604; 74; 11693.18; 111.56; 73.96
1605; 171; 9809.34; 29.73; 210.5
1606; 219; 9725.73; 225.34; 179.0
1607; 511; 10957.54; 193.84; 2.77
1608; 478; 9582.32; 49.13; 225.68
1609; 178; 10572.91; 162.79; 37.89
1610; 972; 10415.3; 21.85; 41.18
1611; 414; 10214.41; 129.46; 214.51
1612; 11; 10034.48; 204.78; 47.72
1613; 800; 8897.13; 242.69; 48.71
1614; 404; 11160.06; 4.74; 64.85
1615; 141; 10459.13; 100.01; 89.96
1616; 287; 9257.72; 23.61; 89.52
1617; 777; 8790.16; 148.48; 20.13
1618; 1086; 9920.38; 62.7; 89.47
1619; 620; 9683.29; 42.38; 5.57
1620; 1096; 12410.37; 92.5; 172.69
1621; 417; 8969.7; 120.74; 17.11
1622; 135; 9578.82; 118.93; 69.28
1623; 572; 8527.89; 62.3; 65.17
1624; 539; 11378.67; 73.17; 232.37
1625; 320; 9291.3; 55.32; 99.65
1626; 25; 9094.72; 140.24; 22.59
1627; 337; 9891.74; 209.59; 26.49
1628; 1068; 10885.11; 53.0; 8.15
1629; 631; 9987.73; 85.64; 264.81
1630; 235; 11465.97; 172.99; 62.61
1631; 84; 9309.09; 133.03; 28.26
1632; 837; 9161.95; 182.83; 52.18
1633; 395; 13240.87; 41.32; 151.03
1634; 869; 10938.7; 142.48; 29.29
1635; 183; 10094.29; 209.62; 54.2
1636; 794; 9731.71; 135.47; 63.44
1637; 559; 10017.05; 15.88; 92.64
1638; 690; 10698.8; 8.36; 124.7
1639; 48; 8924.81; 240.74; 80.29
1640; 683; 10279.22; 132.86; 300.19
1641; 868; 9648.38; 66.08; 167.8
1642; 436; 9903.29; 177.79; 75.09
1643; 679; 8142.13; 11.04; 87.91
1644; 271; 9647.04; 108.35; 190.07
1645; 660; 10316.24; 261.89; 102.13
1646; 1088; 9294.19; 1.93; 158.72
1647; 351; 9331.95; 16.48; 139.18
1648; 1062; 9898.28; 172.21; 194.82
1649; 288; 8244.3; 180.2; 25.22
1650; 330; 10594.93; 89.4; 264.04
1651; 474; 8987.41; 49.82; 171.82
1652; 71; 9438.2; 8.71; 45.11
1653; 533; 10068.28; 256.34; 243.89
1654; 955; 10217.06; 3.1; 254.85
1655; 1018; 9562.79; 66.9; 79.87
1656; 201; 9527.87; 138.01; 21.09
1657; 1095; 9951.93; 72.59; 7.55
1658; 194; 10256.77; 136.42; 16.68
1659; 41; 9849.69; 130.39; 192.79
1660; 965; 8969.24; 53.2; 20.16
1661; 375; 9215.51; 103.56; 39.51
1662; 854; 10176.24; 25.73; 166.15
1663; 71; 11075.4; 70.51; 176.76
1664; 1048; 9665.78; 11.49; 256.11
1665; 98; 9104.35; 154.71; 54.22
1666; 414; 10034.08; 105.92; 2.44
1667; 640; 8402.54; 50.73; 39.79
1668; 434; 11945.26; 32.32; 355.39
1669; 262; 9890.36; 86.61; 167.45
1670; 647; 9515.5; 121.58; 38.13
1671; 477; 8818.35; 55.81; 1.32
1672; 941; 10265.51; 11.04; 81.9
1673; 1072; 11272.73; 52.83; 42.2
1674; 666; 8244.94; 102.96; 49.05
1675; 264; 9200.21; 152.99; 175.03
1676; 793; 10705.92; 27.26; 209.43
1677; 935; 9792.76; 165.07; 192.26
1678; 267; 10944.05; 132.36; 85.67
1679; 49; 9470.83; 196.51; 20.18
1680; 356; 9274.52; 262.95; 146.67
1681; 218; 9333.98; 243.5; 4.24
1682; 579; 9226.53; 79.36; 247.22
1683; 8; 10800.43; 160.03; 87.44
1684; 1000; 10078.25; 137.93; 9.31
1685; 35; 9660.87; 108.68; 130.6
1686; 412; 9421.88; 8.65; 95.28
1687; 728; 9930.48; 91.6; 135.12
1688; 1096; 11409.9; 154.36; 88.32
1689; 669; 10237.91; 111.55; 178.84
1690; 529; 8946.68; 30.59; 15.18
1691; 211; 9975.77; 74.12; 121.99
1692; 718; 9323.44; 304.93; 191.79
1693; 586; 8162.08; 161.79; 164.72
1694; 1003; 8911.43; 92.35; 263.03
1695; 820; 10390.13; 35.17; 126.99
1696; 946; 10314.83; 14.6; 213.85
1697; 326; 11122.29; 236.39; 87.3
1698; 231; 9916.19; 25.09; 114.65
1699; 199; 9462.29; 17.3; 186.85
1700; 782; 9799.83; 226.1; 93.79
1701; 152; 9474.08; 158.18; 137.68
1702; 337; 11284.88; 28.82; 189.59
1703; 20; 9378.69; 60.29; 96.14
1704; 871; 10547.91; 53.99; 64.78
1705; 473; 10199.87; 138.71; 116.26
1706; 1011; 10084.37; 55.45; 83.76
1707; 1053; 10057.54; 174.9; 185.74
1708; 423; 9324.99; 209.39; 125.85
1709; 905; 11326.18; 18.48; 29.58
1710; 234; 10210.9; 162.98; 168.44
1711; 475; 11160.02; 6.18; 34.42
1712; 293; 10174.79; 147.46; 67.73
1713; 956; 8809.5; 22.46; 93.04
1714; 246; 10847.53; 161.43; 194.99
1715; 583; 9942.51; 208.06; 42.91
1716; 616; 9480.41; 250.33; 41.13
1717; 902; 10235.49; 32.22; 119.33
1718; 517; 10809.51; 176.14; 246.85
1719; 888; 11733.42; 142.08; 114.77
1720; 844; 9939.94; 197.25; 155.0
1721; 390; 8978.8; 102.48; 87.25
1722; 205; 11632.21; 9.86; 186.2
1723; 250; 12114.62; 292.89; 201.29
1724; 772; 8297.16; 59.89; 156.21
1725; 939; 9674.86; 39.79; 67.66
1726; 541; 11301.41; 191.94; 35.88
1727; 250; 10541.9; 35.57; 49.69
1728; 1047; 9709.24; 182.73; 107.95
1729; 828; 9838.11; 38.95; 46.17
1730; 355; 8015.18; 132.57; 68.74
1731; 511; 9664.75; 117.39; 25.58
1732; 934; 9663.96; 94.84; 220.57
1733; 785; 10062.82; 62.45; 89.3
1734; 392; 8986.21; 69.4; 126.72
1735; 100; 9348.8; 70.42; 195.2
1736; 789; 10016.1; 91.75; 66.57
1737; 290; 10297.67; 186.54; 64.18
1738; 574; 9411.05; 103.77; 229.96
1739; 143; 9772.11; 6.41; 287.48
1740; 114; 9602.35; 91.28; 85.29
1741; 164; 9809.59; 121.14; 140.81
1742; 993; 9926.72; 11.34; 83.43
1743; 504; 10396.5; 237.77; 107.11
1744; 142; 8824.36; 21.28; 47.42
1745; 496; 9918.22; 9.94; 155.43
1746; 501; 9773.54; 131.47; 89.29
1747; 769; 10260.93; 99.97; 162.06
1748; 558; 11079.61; 81.73; 183.95
1749; 581; 11427.88; 109.49; 202.8
1750; 380; 9741.24; 10.2; 146.26
1751; 739; 10368.61; 126.77; 37.9
1752; 983; 11619.6; 116.3; 62.88
1753; 910; 8974.55; 72.0; 181.19
1754; 946; 11298.11; 88.12; 92.12
1755; 754; 9851.18; 25.05; 137.49
1756; 1054; 11368.39; 132.53; 190.06
1757; 825; 9760.96; 217.48; 119.39
1758; 621; 9090.46; 38.52; 76.57
1759; 1013; 10362.78; 183.03; 68.34
1760; 359; 11040.33; 134.72; 59.57
1761; 782; 10318.27; 166.89; 63.53
1762; 895; 8240.25; 4.83; 0.76
1763; 917; 9817.23; 215.73; 50.67
1764; 901; 10212.44; 1.0; 158.18
1765; 389; 9690.33; 81.78; 182.91
1766; 191; 10108.78; 43.9; 7.53
1767; 150; 9670.2; 258.31; 208.69
1768; 361; 10894.45; 130.58; 72.25
1769; 790; 10519.69; 212.88; 56.47
1770; 715; 9874.7; 159.21; 149.9
1771; 398; 10618.04; 171.89; 192.23
1772; 736; 12814.33; 18.88; 116.39
1773; 714; 10774.12; 198.1; 37.18
1774; 1011; 11053.72; 62.03; 112.68
1775; 770; 8686.15; 122.95; 148.71
1776; 107; 10965.23; 34.11; 16.09
1777; 513; 10203.02; 0.92; 183.73
1778; 353; 9435.24; 1.12; 11.85
1779; 727; 10607.27; 280.09; 170.43
1780; 658; 8705.52; 217.19; 98.56
1781; 518; 11129.0; 222.17; 54.33
1782; 758; 10363.76; 31.79; 314.86
1783; 396; 10503.18; 150.2; 66.8
1784; 622; 10287.63; 55.48; 167.25
1785; 349; 11122.41; 115.68; 6.81
1786; 601; 8069.64; 134.22; 44.03
1787; 767; 9151.11; 195.47; 203.02
1788; 227; 8641.04; 126.52; 95.71
1789; 135; 11029.68; 150.4; 92.06
1790; 26; 9556.17; 59.89; 69.29
1791; 254; 11362.52; 120.41; 184.43
1792; 47; 9498.17; 218.51; 15.18
1793; 381; 10188.39; 57.76; 77.12
1794; 1080; 8294.81; 3.99; 28.68
1795; 969; 9090.87; 164.32; 17.23
1796; 694; 11352.62; 148.98; 249.01
1797; 243; 8441.86; 390.59; 60.49
1798; 211; 10111.05; 135.97; 278.96
1799; 270; 8810.81; 304.52; 125.65
1800; 51; 10701.88; 103.79; 95.08
1801; 289; 8882.63; 257.14; 128.11
1802; 630; 12056.24; 186.96; 17.79
1803; 663; 9783.35; 144.59; 199.05
1804; 41; 9845.35; 300.84; 107.65
1805; 1031; 9669.59; 28.84; 129.8
1806; 124; 12076.9; 192.34; 32.54
1807; 707; 12267.89; 75.47; 132.05
1808; 344; 11210.67; 183.47; 206.43
1809; 821; 9741.47; 305.44; 15.94
1810; 253; 10699.85; 92.15; 93.67
1811; 106; 8186.48; 130.51; 45.73
1812; 350; 10437.19; 307.88; 288.26
1813; 978; 10032.49; 36.77; 101.9
1814; 370; 11085.1; 76.38; 185.39
1815; 58; 11234.98; 69.13; 65.97
1816; 858; 9621.44; 194.68; 52.18
1817; 681; 8980.14; 53.8; 65.82
1818; 75; 9705.96; 134.68; 60.24
1819; 358; 10220.77; 24.54; 51.92
1820; 864; 10945.12; 38.33; 72.24
1821; 194; 10824.43; 48.9; 192.28
1822; 1057; 10602.59; 256.79; 108.7
1823; 413; 10156.95; 5.36; 91.66
1824; 662; 8208.14; 158.53; 40.51
1825; 495; 10938.03; 115.44; 134.42
1826; 25; 7839.58; 119.36; 150.78
1827; 45; 10377.45; 11.68; 135.96
1828; 263; 9220.67; 86.48; 143.38
1829; 705; 7501.05; 120.6; 41.76
1830; 808; 10292.01; 181.76; 47.36
1831; 71; 11967.24; 190.15; 183.67
1832; 1075; 9518.2; 57.99; 108.56
1833; 914; 11034.34; 131.61; 55.81
1834; 249; 7722.66; 260.66; 166.46
1835; 177; 9236.88; 103.05; 135.21
1836; 192; 11524.05; 56.82; 87.35
1837; 464; 8975.99; 171.85; 63.65
1838; 861; 8694.8; 143.68; 287.93
1839; 718; 10807.12; 151.56; 78.51
1840; 402; 10199.12; 172.88; 14.61
1841; 581; 8665.29; 148.31; 208.14
1842; 465; 8438.85; 12.28; 116.69
1843; 796; 10165.06; 71.53; 314.61
1844; 731; 9963.17; 123.0; 235.65
1845; 39; 9550.08; 29.31; 142.98
1846; 395; 10660.05; 270.19; 38.13
1847; 1007; 8421.59; 11.04; 24.63
1848; 863; 9477.23; 18.01; 201.09
1849; 476; 9783.04; 271.31; 37.94
1850; 638; 10806.69; 123.99; 27.82
1851; 174; 8543.84; 15.06; 17.69
1852; 207; 8920.48; 49.47; 63.6
1853; 148; 10851.25; 74.69; 66.46
1854; 680; 7891.55; 165.4; 149.42
1855; 837; 9842.45; 32.16; 269.68
1856; 249; 9596.32; 276.04; 161.44
1857; 950; 11608.81; 206.3; 7.25
1858; 571; 10939.31; 190.18; 72.68
1859; 817; 10726.43; 78.91; 244.58
1860; 1100; 9023.45; 139.59; 135.57
1861; 101; 8686.35; 96.98; 218.18
1862; 925; 9503.96; 102.01; 98.64
1863; 8; 9531.64; 51.21; 63.79
1864; 829; 9182.87; 116.99; 240.04
1865; 470; 9968.95; 120.45; 133.01
1866; 617; 9756.06; 110.86; 120.84
1867; 427; 7300.55; 68.06; 183.22
1868; 572; 10205.34; 182.27; 86.6
1869; 432; 10493.54; 167.29; 117.84
1870; 276; 11560.86; 105.61; 194.24
1871; 103; 9663.34; 52.56; 40.69
1872; 640; 11012.99; 20.11; 147.5
1873; 540; 10093.6; 85.06; 17.62
1874; 864; 9350.35; 143.73; 46.46
1875; 621; 8899.97; 178.65; 85.61
1876; 652; 10636.44; 228.6; 68.92
1877; 727; 10425.75; 144.62; 31.65
1878; 176; 10737.12; 89.71; 233.59
1879; 517; 9821.07; 116.6; 36.65
1880; 970; 8313.82; 187.78; 89.21
1881; 803; 9990.94; 88.16; 114.67
1882; 230; 10906.82; 302.49; 273.54
1883; 713; 10727.15; 197.22; 4.29
1884; 1038; 9717.67; 60.28; 115.94
1885; 565; 10901.88; 90.66; 116.61
1886; 450; 11668.24; 10.15; 16.69
1887; 534; 11031.07; 18.54; 218.58
1888; 1037; 9827.43; 298.21; 139.04
1889; 955; 8545.21; 42.36; 64.82
1890; 866; 10560.16; 109.59; 235.7
1891; 542; 11522.32; 10.86; 222.73
1892; 413; 10068.47; 37.61; 83.14
1893; 693; 10090.18; 139.13; 107.88
1894; 61; 11075.5; 176.92; 228.13
1895; 568; 9874.64; 163.07; 80.69
1896; 615; 10359.8; 26.43; 357.74
1897; 93; 9906.36; 92.77; 84.72
1898; 910; 10676.61; 214.34; 77.41
1899; 193; 10701.37; 2.16; 276.28
1900; 108; 9906.6; 224.0; 226.44
1901; 950; 10339.08; 129.11; 125.11
1902; 1002; 10399.32; 163.28; 130.34
1903; 305; 11421.28; 0.17; 159.75
1904; 812; 10166.35; 121.13; 48.33
1905; 734; 9542.36; 195.98; 95.85
1906; 259; 11497.62; 177.5; 157.2
1907; 992; 9337.57; 44.26; 102.3
1908; 892; 12153.46; 6.06; 42.47
1909; 984; 10031.35; 148.25; 149.14
1910; 385; 9600.97; 161.15; 76.05
1911; 763; 10494.85; 63.4; 268.08
1912; 75; 10100.06; 10.58; 163.75
1913; 292; 9161.02; 19.06; 101.31
1914; 110; 8966.18; 244.26; 90.48
1915; 84; 10602.58; 57.37; 13.26
1916; 58; 10367.58; 58.55; 0.59
1917; 1056; 10588.66; 66.48; 72.01
1918; 1083; 10346.78; 46.03; 96.65
1919; 1058; 9623.79; 133.71; 91.26
1920; 905; 8484.93; 30.7; 88.96
1921; 939; 7398.28; 164.75; 240.6
1922; 374; 11897.8; 107.94; 263.61
1923; 266; 11571.5; 359.44; 61.92
1924; 788; 9964.96; 215.89; 17.47
1925; 536; 9058.13; 44.35; 67.4
1926; 516; 8277.8; 75.58; 151.22
1927; 634; 8108.33; 17.97; 71.83
1928; 467; 10842.41; 167.3; 204.26
1929; 643; 7575.16; 57.72; 255.62
1930; 866; 8902.01; 5.2; 267.93
1931; 779; 10958.44; 153.58; 124.73
1932; 957; 9035.87; 75.5; 45.11
1933; 300; 9236.03; 83.75; 177.72
1934; 417; 11008.58; 20.86; 42.54
1935; 438; 9695.21; 20.06; 209.44
1936; 1048; 9879.63; 55.09; 43.96
1937; 418; 9693.7; 139.68; 175.75
1938; 966; 9389.92; 222.7; 112.79
1939; 846; 10876.71; 48.89; 199.13
1940; 92; 10743.44; 64.99; 151.38
1941; 582; 9774.13; 228.05; 82.51
1942; 478; 9041.47; 106.16; 212.46
1943; 405; 9982.58; 204.89; 260.4
1944; 465; 11038.43; 247.15; 120.67
1945; 974; 10026.48; 90.44; 60.84
1946; 241; 8248.62; 109.29; 168.4
1947; 432; 8653.91; 6.94; 49.96
1948; 20; 10652.44; 79.0; 95.84
1949; 567; 11350.96; 105.12; 106.29
1950; 63; 9869.11; 264.51; 103.92
1951; 547; 9966.48; 47.2; 240.77
1952; 949; 10416.24; 82.32; 38.87
1953; 867; 8801.81; 169.3; 178.27
1954; 3; 9470.11; 67.86; 180.11
1955; 287; 9872.13; 14.12; 184.75
1956; 585; 10696.64; 58.13; 40.88
1957; 68; 9503.7; 261.06; 256.49
1958; 882; 9858.24; 171.01; 48.54
1959; 906; 11416.64; 56.78; 283.24
1960; 714; 11270.73; 181.89; 6.47
1961; 932; 10351.24; 285.31; 131.05
1962; 734; 10128.47; 45.05; 47.25
1963; 811; 9308.06; 111.19; 9.9
1964; 572; 10680.5; 250.44; 291.76
1965; 1096; 9368.72; 25.39; 251.62
1966; 25; 9410.4; 20.08; 174.3
1967; 45; 10425.12; 198.6; 6.27
1968; 660; 10129.22; 37.64; 130.04
1969; 643; 11878.59; 200.12; 252.34
1970; 420; 9303.53; 51.04; 153.13
1971; 590; 8622.43; 132.99; 53.51
1972; 758; 10271.53; 254.14; 118.88
1973; 381; 11652.59; 217.73; 62.83
1974; 642; 9912.41; 15.6; 185.06
1975; 935; 8377.6; 308.0; 118.62
1976; 773; 9139.37; 202.32; 69.58
1977; 11; 9889.87; 48.92; 220.19
1978; 373; 8839.18; 172.48; 88.41
1979; 154; 9148.38; 37.65; 70.05
1980; 514; 9265.01; 228.8; 36.56
1981; 902; 8088.19; 128.33; 42.11
1982; 847; 10913.47; 287.66; 241.63
1983; 669; 11125.66; 102.69; 36.34
1984; 810; 11216.22; 70.57; 10.72
1985; 895; 11358.26; 0.65; 14.81
1986; 722; 10499.7; 6.13; 289.77
1987; 421; 9597.4; 174.79; 292.25
1988; 831; 9654.9; 67.59; 122.35
1989; 712; 8787.2; 66.73; 104.43
1990; 558; 10042.78; 52.82; 176.46
1991; 181; 10765.2; 45.91; 157.68
1992; 1090; 12037.27; 306.92; 181.75
1993; 246; 9218.06; 89.37; 109.13
1994; 933; 11046.45; 80.19; 148.49
1995; 464; 10677.38; 189.38; 138.7
1996; 1066; 12991.94; 29.33; 63.83
1997; 927; 11056.2; 62.94; 132.15
1998; 381; 10097.32; 41.9; 31.94
1999; 427; 10999.52; 62.68; 232.12
2000; 17; 9393.17; 112.6; 51.57
2001; 49; 11418.39; 173.7; 77.3
2002; 263; 9611.95; 359.73; 128.03
2003; 453; 10906.08; 34.05; 64.35
2004; 466; 11314.97; 91.22; 263.45
2005; 1021; 9825.9; 72.46; 249.88
2006; 177; 9139.29; 89.93; 283.96
2007; 338; 10835.37; 125.86; 98.01
2008; 658; 9216.79; 93.49; 68.9
2009; 980; 9392.02; 15.84; 43.31
2010; 152; 10759.62; 115.07; 162.03
2011; 214; 9673.42; 52.13; 74.35
2012; 490; 8996.05; 103.73; 86.9
2013; 454; 10545.23; 91.15; 227.11
2014; 188; 9678.08; 48.33; 51.51
2015; 1097; 9855.65; 190.4; 76.01
2016; 168; 9660.39; 109.84; 176.54
2017; 218; 11385.51; 28.16; 70.14
2018; 107; 9844.65; 99.53; 13.18
2019; 573; 8701.36; 47.58; 39.92
2020; 1020; 10082.15; 191.67; 25.14
2021; 634; 10819.86; 113.25; 169.44
2022; 559; 10677.71; 206.99; 78.98
2023; 209; 9519.75; 50.7; 80.39
2024; 680; 11230.99; 34.64; 87.46
2025; 206; 8984.88; 12.87; 133.51
2026; 296; 8493.35; 94.83; 182.46
2027; 1080; 11592.23; 58.74; 267.06
2028; 130; 10913.66; 27.37; 311.55
2029; 757; 8603.49; 203.78; 15.92
2030; 877; 8192.19; 52.44; 167.29
2031; 755; 10795.17; 25.95; 201.69
2032; 312; 8406.87; 73.63; 73.38
2033; 1081; 10211.43; 135.64; 227.44
2034; 75; 10435.17; 65.19; 36.16
2035; 1028; 10641.93; 293.44; 20.53
2036; 661; 10675.33; 69.4; 108.89
2037; 1016; 10463.86; 37.01; 117.07
2038; 228; 9587.74; 144.46; 171.44
2039; 480; 9596.16; 203.88; 186.67
2040; 370; 8973.99; 201.43; 100.73
2041; 752; 12190.3; 57.59; 118.81
2042; 886; 8565.99; 106.08; 103.11
2043; 723; 11427.76; 66.2; 42.27
2044; 459; 10001.88; 169.27; 41.56
2045; 24; 8591.32; 49.1; 164.08
2046; 8; 10137.99; 6.61; 161.79
2047; 292; 9447.76; 147.73; 122.97
2048; 982; 9024.25; 4.46; 47.03
2049; 496; 8181.3; 38.52; 191.89
2050; 677; 9345.42; 53.73; 93.78
2051; 998; 8943.44; 241.14; 39.6
2052; 291; 10756.81; 104.51; 2.46
2053; 376; 9118.05; 158.7; 136.93
2054; 912; 9964.74; 1.46; 128.25
2055; 524; 9649.66; 207.94; 127.04
2056; 185; 9650.72; 147.18; 249.46
2057; 541; 10202.0; 176.18; 124.99
2058; 567; 10009.22; 124.31; 24.88
2059; 883; 9839.51; 167.44; 39.84
2060; 1085; 9407.99; 220.82; 139.92
2061; 64; 8986.6; 259.23; 183.14
2062; 689; 11594.02; 114.77; 142.29
2063; 738; 9626.06; 79.46; 23.31
2064; 8; 11539.09; 53.65; 267.24
2065; 367; 11657.16; 77.54; 54.08
2066; 60; 10701.25; 162.0; 5.11
2067; 194; 9895.91; 162.81; 144.36
2068; 73; 9867.1; 10.0; 128.47
2069; 1022; 10650.02; 107.89; 225.16
2070; 604; 9655.87; 143.91; 366.38
2071; 458; 9860.25; 74.52; 50.44
2072; 160; 8536.84; 192.32; 215.39
2073; 1035; 11281.1; 167.11; 146.9
2074; 859; 9964.21; 115.48; 3.11
2075; 786; 8854.18; 4.37; 34.64
2076; 1007; 9338.58; 219.88; 220.84
2077; 741; 11854.07; 83.93; 161.63
2078; 606; 11283.91; 50.47; 46.56
2079; 605; 10584.45; 293.94; 45.67
2080; 255; 10204.26; 60.52; 43.25
2081; 646; 9601.76; 39.39; 71.44
2082; 950; 10942.28; 91.51; 76.94
2083; 9; 9266.14; 17.26; 37.07
2084; 819; 9546.89; 117.89; 150.09
2085; 38; 9030.03; 60.96; 133.85
2086; 509; 10405.99; 43.99; 114.46
2087; 39; 11033.73; 102.53; 199.28
2088; 504; 9684.79; 104.3; 122.2
2089; 40; 8520.53; 120.49; 11.58
2090; 748; 7237.6; 43.06; 215.02
2091; 767; 12336.5; 13.16; 179.43
2092; 94; 9424.8; 135.7; 136.28
2093; 861; 9533.43; 254.04; 126.22
2094; 255; 11539.1; 203.88; 99.92
2095; 11; 11838.23; 16.59; 12.79
2096; 1074; 10579.93; 148.29; 91.63
2097; 403; 9515.77; 96.11; 137.19
2098; 246; 10182.14; 197.35; 254.31
2099; 885; 10000.11; 137.54; 34.03
2100; 1054; 10787.01; 290.5; 268.47
2101; 172; 10530.97; 50.2; 55.5
2102; 55; 10039.63; 3.24; 167.22
2103; 264; 9697.32; 166.06; 233.66
2104; 597; 9280.1; 154.23; 196.01
2105; 832; 9429.65; 187.07; 175.74
2106; 571; 9295.88; 75.38; 123.1
2107; 110; 8479.0; 63.64; 205.46
2108; 858; 10586.66; 184.35; 65.88
2109; 288; 10503.81; 103.18; 42.84
2110; 1017; 9581.73; 194.57; 160.74
2111; 1012; 9917.23; 121.1; 51.27
2112; 875; 8892.88; 123.83; 192.64
2113; 921; 9912.62; 227.1; 180.6
2114; 1063; 12360.94; 31.65; 97.06
2115; 834; 11919.31; 137.47; 89.43
2116; 944; 10641.9; 192.45; 3.03
2117; 641; 9868.2; 58.97; 162.31
2118; 953; 11793.64; 15.45; 205.06
2119; 252; 7700.55; 31.42; 180.34
2120; 197; 9752.85; 8.86; 183.34
2121; 1096; 10578.69; 69.28; 176.69
2122; 571; 9126.39; 2.13; 78.49
2123; 859; 9830.55; 185.74; 136.12
2124; 381; 9227.98; 12.4; 179.7
2125; 736; 9888.74; 56.49; 127.56
2126; 1080; 11282.04; 3.75; 257.77
2127; 29; 9629.73; 238.26; 203.04
2128; 590; 9360.73; 71.73; 34.24
2129; 871; 9578.97; 52.01; 56.02
2130; 31; 10653.03; 20.9; 88.85
2131; 550; 9161.63; 221.42; 38.95
2132; 488; 11433.13; 78.42; 168.35
2133; 799; 11271.96; 29.59; 42.44
2134; 1066; 10384.41; 116.43; 259.58
2135; 943; 10471.53; 177.64; 118.92
2136; 770; 10070.89; 174.35; 267.71
2137; 380; 9419.54; 41.7; 46.85
2138; 300; 11378.24; 44.05; 152.3
2139; 45; 10297.28; 183.61; 108.01
2140; 21; 10642.84; 83.06; 163.63
2141; 133; 10975.81; 179.65; 106.08
2142; 544; 9985.48; 147.24; 103.61
2143; 913; 8686.09; 222.42; 33.19
2144; 543; 10452.49; 272.45; 4.62
2145; 453; 9693.62; 68.03; 26.16
2146; 584; 11238.17; 28.94; 10.38
2147; 378; 10788.8; 129.59; 133.13
2148; 699; 9634.39; 105.34; 63.91
2149; 721; 10711.5; 210.58; 33.58
2150; 526; 10997.46; 42.01; 13.61
2151; 81; 9609.15; 67.78; 36.71
2152; 950; 10456.09; 116.0; 5.6
2153; 169; 11445.06; 147.92; 31.55
2154; 947; 10397.98; 7.73; 246.68
2155; 436; 10504.93; 154.17; 100.5
2156; 886; 10315.49; 191.48; 229.49
2157; 21; 9340.13; 224.91; 101.95
2158; 318; 9322.79; 25.47; 157.38
2159; 1091; 10409.81; 150.79; 76.93
2160; 802; 9131.34; 13.91; 38.54
2161; 792; 11490.27; 160.1; 22.27
2162; 37; 9240.23; 81.29; 170.0
2163; 159; 8338.19; 19.08; 186.57
2164; 890; 9885.49; 133.13; 188.39
2165; 788; 10689.11; 236.04; 68.65
2166; 21; 10008.78; 54.82; 105.68
2167; 211; 9305.84; 234.12; 170.11
2168; 797; 8817.98; 94.34; 1.0
2169; 312; 9261.38; 77.14; 127.91
2170; 991; 11183.25; 46.27; 56.15
2171; 1040; 8516.33; 201.19; 53.16
2172; 386; 9161.05; 18.43; 140.04
2173; 1076; 10588.6; 225.08; 139.24
2174; 327; 8256.62; 182.68; 44.1
2175; 566; 7801.76; 116.43; 187.52
2176; 582; 7890.6; 79.9; 82.73
2177; 996; 11631.98; 208.2; 86.13
2178; 563; 12363.38; 11.75; 62.5
2179; 963; 9576.28; 191.81; 47.6
2180; 988; 10371.53; 101.66; 87.25
2181; 142; 7501.93; 6.08; 73.72
2182; 741; 11124.19; 223.18; 255.25
2183; 378; 9568.28; 84.57; 62.58
2184; 184; 9244.35; 161.02; 15.8
2185; 322; 10100.56; 67.16; 197.5
2186; 962; 11293.09; 74.82; 236.69
2187; 1019; 12300.98; 44.93; 101.0
2188; 882; 10051.77; 43.75; 232.0
2189; 370; 9694.11; 68.39; 185.37
2190; 287; 10261.89; 67.65; 96.7
2191; 1015; 8983.97; 199.33; 66.15
2192; 1039; 9179.81; 146.37; 137.89
2193; 173; 10377.82; 34.17; 236.95
2194; 281; 10151.61; 47.12; 228.15
2195; 421; 11391.79; 149.9; 54.84
2196; 321; 10150.85; 6.54; 69.18
2197; 50; 10621.72; 32.6; 0.25
2198; 495; 10170.1; 120.82; 98.28
2199; 397; 8571.7; 247.18; 126.92
105, 114
718, 853, 886
462, 616, 122
526, 1033
185, 982, 814
769, 443
406, 897, 197, 989
937, 488, 629
686, 410, 315, 547
1035, 508, 1098
467, 915
100, 546, 503
947, 366, 1053, 276
614, 835, 373
194, 54, 741, 967
272, 199, 28, 1069
548, 101, 876
682, 977
381, 402, 282, 383
1082, 961, 219, 819
958, 840, 44
57, 824, 481
873, 335
1046, 11, 1043
520, 239
1015, 151, 331
773, 650, 33
618, 197
636, 429, 465
903, 389, 936, 381
986, 914, 1056, 889
647, 1022, 522
488, 227
572, 491, 288, 467
958, 3, 757
266, 652, 129
152, 516, 592, 136
1075, 111, 698
822, 243
233, 293, 792
152, 355
660, 336
13, 492, 249, 32
911, 704, 921, 1009
174, 237
1026, 56, 1059, 551
223, 866, 864, 44
391, 109, 792
687, 539
37, 314, 156
10, 504, 85, 700
39, 16, 535, 840
368, 926, 657
628, 436, 871
986, 849, 377, 151
569, 75
482, 151, 156, 58
7, 558, 1089
729, 710, 28
814, 449
654, 271, 192, 699
312, 659
1038, 506, 392, 913
365, 832, 262, 790
166, 286
29, 670, 177
466, 562
653, 1041
164, 409, 1021, 707
599, 132, 1064, 677
625, 114
872, 915, 82
740, 1047, 182
315, 1039, 444, 911
418, 577, 973, 768
891, 130, 209, 910
289, 929
459, 1029
75, 194, 595
274, 385, 224
392, 264, 293, 617
863, 997, 708, 82
433, 554, 1025
797, 7, 841
863, 200
396, 194, 1049, 792
559, 663
800, 211
279, 135, 255
890, 839
57, 1070
873, 962, 1052, 946
202, 134, 306, 935
1022, 246
162, 426
934, 348, 676, 420
420, 483
1019, 127, 786, 487
453, 703
473, 256, 245
