100
100
55
52
somewhat_heavy_rock; 0; 90; 10; 100
yes; 0; 90; 10; 1000
no; 0; 50; 1; 200
one; 0; 75; 4; 400
twenty; 0; 85; 8; 100
first; 0; 60; 10; 75
gem_on_sale; 1; 10; 40; 80
small_present; 2; 30; 30; 20
d; 3; 1; 10; 800
e; 4; 1; 1; 1
f; 5; 3; 3; 2
g; 6; 4; 3; 1
h; 7; 4; 8; 6
i; 8; 13; 10; 5
j; 9; 7; 1; 8
first1; 10; 60; 10; 5
gem_on_sale1; 11; 10; 40; 8
small_present1; 12; 30; 30; 2
d1; 13; 1; 10; 8
e1; 14; 1; 1; 1
f1; 15; 3; 3; 2
g1; 16; 4; 3; 1
h1; 17; 4; 8; 6
i1; 18; 13; 10; 5
j1; 19; 7; 1; 8
first11; 20; 60; 10; 5
gem_on_sale11; 21; 10; 40; 8
small_present21; 22; 30; 30; 2
d11; 23; 1; 10; 8
e11; 24; 1; 1; 1
f11; 25; 3; 3; 2
g11; 26; 4; 3; 1
h11; 27; 4; 8; 6
i11; 28; 13; 10; 5
j11; 29; 7; 1; 8
first111; 30; 60; 10; 5
gem_on_sale111; 31; 10; 40; 8
small_present2; 32; 30; 30; 2
d111; 33; 1; 10; 8
e111; 34; 1; 1; 1
f111; 35; 3; 3; 2
g111; 36; 4; 3; 1
h111; 37; 4; 8; 6
i111; 38; 13; 10; 5
j111; 39; 7; 1; 8
first1111; 40; 60; 10; 5
gem_on_sale1111; 41; 10; 40; 8
small_present2111; 42; 30; 30; 2
d1111; 43; 1; 10; 8
e1111; 44; 1; 1; 1
f1111; 45; 3; 3; 2
g1111; 46; 4; 3; 1
h1111; 47; 4; 8; 6
i1111; 48; 13; 10; 5
j1111; 49; 7; 1; 8
0, 1
0, 2
0, 1
0, 4
0, 7
0, 3
0, 5
0, 6
0, 8
0, 9
0, 10
0,11
0,12
0,13
0,14
0,15
0,16
0,17
0,18
0,19
0,20
0,21
0,22
0,23
0,24
0,25
0,26
0,27
0,28
0,29
0,30
0,31
0,32
0,33
0,34
0,35
0,36
0,37
0,38
0,39
0,40
0,41
0,42
0,43
0,44
0,45
0,46
0,47
0,48
0,49
3, 5
7, 1, 4, 6