10000
10000
100
2
one; 2; 99; 1000; 1100
two; 3; 99; 999; 1090
1; 4; 99; 998; 1080
o2ne; 3; 99; 997; 1070
on3e; 2; 99; 996; 1060
one4; 3; 99; 995; 1050
one5; 2; 99; 994; 1040
one6; 4; 99; 993; 1030
one7; 4; 99; 992; 1020
one8; 3; 99; 991; 1010
one9; 2; 99; 1000; 1100
two0; 3; 99; 999; 1090
one1; 4; 99; 998; 1080
one2; 3; 99; 997; 1070
one3; 2; 99; 996; 1060
one12; 3; 99; 995; 1050
one13; 2; 99; 994; 1040
one14; 4; 99; 993; 1030
one15; 4; 99; 992; 1020
1one; 3; 99; 991; 1010
2one; 2; 99; 1000; 1100
3to; 3; 99; 999; 1090
4one; 4; 99; 998; 1080
5one; 3; 99; 997; 1070
6one; 2; 99; 996; 1060
7one; 3; 99; 995; 1050
8one; 2; 99; 994; 1040
9one; 4; 99; 993; 1030
11one; 4; 99; 992; 1020
on2e; 3; 99; 991; 1010
o3ne; 2; 99; 1000; 1100
t4wo; 3; 99; 999; 1090
o5ne; 4; 99; 998; 1080
o6ne; 3; 99; 997; 1070
o7ne; 2; 99; 996; 1060
o8ne; 3; 99; 995; 1050
o9ne; 2; 99; 994; 1040
o0ne; 4; 99; 993; 1030
on4e; 4; 99; 992; 1020
on5e; 3; 99; 991; 1010
on6e; 2; 99; 1000; 1100
tw7o; 3; 99; 999; 1090
on8e; 4; 99; 998; 1080
on9e; 3; 99; 997; 1070
on0e; 2; 99; 996; 1060
on7e; 3; 99; 995; 1050
21one; 2; 99; 994; 1040
22one; 4; 99; 993; 1030
23one; 4; 99; 992; 1020
24one; 3; 99; 991; 1010
25one; 2; 99; 1000; 1100
26two; 3; 99; 999; 1090
27one; 4; 99; 998; 1080
282one; 3; 99; 997; 1070
29one; 2; 99; 996; 1060
210one; 3; 99; 995; 1050
one111; 2; 99; 994; 1040
one101; 4; 99; 993; 1030
one110; 4; 99; 992; 1020
one100; 3; 99; 991; 1010
one0; 2; 99; 1000; 1100
0two0; 3; 99; 999; 1090
three0; 4; 99; 998; 1080
four0; 3; 99; 997; 1070
five0; 2; 99; 996; 1060
six0; 3; 99; 995; 1050
seven0; 2; 99; 994; 1040
eight0; 4; 99; 993; 1030
nine0; 4; 99; 992; 1020
ten0; 3; 99; 991; 1010
one01; 2; 99; 1000; 1100
two1; 3; 99; 999; 1090
three1; 4; 99; 998; 1080
four1; 3; 99; 997; 1070
five1; 2; 99; 996; 1060
six1; 3; 99; 995; 1050
seven1; 2; 99; 994; 1040
eight1; 4; 99; 993; 1030
nine1; 4; 99; 992; 1020
ten1; 3; 99; 991; 1010
one11; 2; 99; 1000; 1100
two11; 3; 99; 999; 1090
three11; 4; 99; 998; 1080
four11; 3; 99; 997; 1070
five11; 2; 99; 996; 1060
six11; 3; 99; 995; 1050
seven11; 2; 99; 994; 1040
eight11; 4; 99; 993; 1030
nine11; 4; 99; 992; 1020
ten11; 3; 99; 991; 1010
2one2; 2; 99; 1000; 1100
2two2; 3; 99; 999; 1090
three2; 4; 99; 998; 1080
four2; 3; 99; 997; 1070
five2; 2; 99; 996; 1060
six2; 3; 99; 995; 1050
seven2; 2; 99; 994; 1040
eight2; 4; 99; 993; 1030
nine2; 4; 99; 992; 1020
ten2; 3; 99; 991; 1010
3, 4
2, 4
