187072.4
129608.74
1273
8
a ; 234 ; 304402.78 ; 97290.5 ; 284343.92
b ; 964 ; 118189.64 ; 128697.19 ; 344904.2
c ; 267 ; 325082.3 ; 200860.77 ; 222438.94
d ; 463 ; 133285.49 ; 296177.9 ; 287049.86
e ; 793 ; 153264.58 ; 245552.91 ; 88238.15
f ; 434 ; 356814.99 ; 366246.02 ; 190285.31
g ; 766 ; 58734.11 ; 66404.2 ; 216948.76
h ; 464 ; 89612.13 ; 339543.47 ; 358054.97
i ; 1165 ; 125162.15 ; 224599.15 ; 371496.17
j ; 259 ; 253880.55 ; 11535.08 ; 36834.77
k ; 335 ; 257173.49 ; 164999.81 ; 144709.75
l ; 82 ; 71915.97 ; 114110.69 ; 140556.07
m ; 754 ; 373821.3 ; 122651.09 ; 143481.05
n ; 21 ; 141001.92 ; 360542.33 ; 240780.16
o ; 537 ; 100123.86 ; 234101.21 ; 372544.06
p ; 881 ; 280529.83 ; 50765.27 ; 271759.37
q ; 114 ; 120497.97 ; 208002.97 ; 181112.91
r ; 1046 ; 355759.32 ; 92231.83 ; 5715.89
s ; 272 ; 147134.45 ; 169012.6 ; 269285.34
t ; 752 ; 337695.27 ; 397078.94 ; 249540.17
u ; 60 ; 185250.93 ; 252570.59 ; 290133.33
v ; 142 ; 19763.08 ; 221224.67 ; 30119.16
w ; 258 ; 247150.35 ; 5738.67 ; 85860.18
x ; 126 ; 128773.42 ; 377401.52 ; 275695.0
y ; 513 ; 139262.11 ; 44291.72 ; 105643.12
z ; 779 ; 135551.87 ; 32212.54 ; 175872.77
aa ; 970 ; 153766.28 ; 363781.61 ; 292668.68
ab ; 393 ; 186604.83 ; 263499.79 ; 213058.33
ac ; 875 ; 394173.23 ; 289935.88 ; 130978.5
ad ; 988 ; 260920.03 ; 62532.9 ; 391931.06
ae ; 740 ; 260351.01 ; 191456.89 ; 230171.57
af ; 81 ; 344686.37 ; 216069.45 ; 51301.89
ag ; 1101 ; 71275.29 ; 21336.01 ; 91471.28
ah ; 1052 ; 155980.04 ; 153736.1 ; 143277.36
ai ; 792 ; 176117.22 ; 373111.57 ; 230728.08
aj ; 465 ; 107728.04 ; 27113.34 ; 119751.47
ak ; 465 ; 89987.16 ; 80504.55 ; 243876.92
al ; 980 ; 17857.38 ; 263150.49 ; 147263.23
am ; 522 ; 99315.04 ; 118384.42 ; 266090.24
an ; 1014 ; 315301.94 ; 362579.24 ; 147140.64
ao ; 764 ; 721.53 ; 218653.3 ; 225206.05
ap ; 785 ; 229579.81 ; 38978.2 ; 201309.66
aq ; 839 ; 332347.15 ; 41709.68 ; 209281.54
ar ; 498 ; 27099.8 ; 262412.24 ; 366174.91
as ; 267 ; 84712.53 ; 48375.97 ; 372177.62
at ; 332 ; 318535.69 ; 306286.92 ; 18004.31
au ; 97 ; 255118.05 ; 348967.35 ; 365616.14
av ; 859 ; 222430.44 ; 20632.67 ; 28690.4
aw ; 205 ; 283525.5 ; 249384.91 ; 277560.53
ax ; 545 ; 114300.07 ; 138089.15 ; 356878.63
ay ; 830 ; 18812.44 ; 214686.84 ; 202530.15
az ; 26 ; 261745.31 ; 387548.34 ; 147003.07
ba ; 774 ; 299557.94 ; 298366.28 ; 133890.31
bb ; 1102 ; 342779.17 ; 350676.81 ; 154269.57
bc ; 179 ; 1439.93 ; 226169.2 ; 310918.48
bd ; 907 ; 321695.51 ; 182937.7 ; 333218.3
be ; 1034 ; 293998.74 ; 177852.44 ; 132504.2
bf ; 452 ; 163011.69 ; 33892.41 ; 393042.96
bg ; 343 ; 98767.04 ; 333161.59 ; 318089.42
bh ; 68 ; 248020.81 ; 69732.58 ; 241668.48
bi ; 785 ; 161676.26 ; 122202.35 ; 189399.7
bj ; 748 ; 84401.16 ; 68942.97 ; 77631.78
bk ; 667 ; 194780.95 ; 364703.5 ; 362682.62
bl ; 673 ; 279669.5 ; 257927.09 ; 206942.48
bm ; 120 ; 192230.95 ; 124975.65 ; 18607.24
bn ; 1036 ; 86868.19 ; 4320.8 ; 217436.16
bo ; 1139 ; 47416.72 ; 280133.26 ; 307405.58
bp ; 991 ; 167101.62 ; 358051.54 ; 293421.91
bq ; 856 ; 359640.62 ; 141451.04 ; 185376.98
br ; 112 ; 39337.58 ; 21006.03 ; 152890.27
bs ; 142 ; 315978.55 ; 251952.35 ; 103175.48
bt ; 57 ; 134123.81 ; 256496.32 ; 276217.98
bu ; 715 ; 314400.93 ; 8689.8 ; 376385.93
bv ; 952 ; 269648.22 ; 232214.52 ; 126626.68
bw ; 123 ; 238571.9 ; 283102.65 ; 287187.66
bx ; 1137 ; 297346.41 ; 344191.17 ; 229336.76
by ; 26 ; 225438.55 ; 302135.16 ; 260431.45
bz ; 93 ; 379262.28 ; 256482.88 ; 356886.05
ca ; 661 ; 103724.02 ; 388991.62 ; 279898.49
cb ; 571 ; 238865.89 ; 223752.67 ; 184566.72
cc ; 503 ; 75068.75 ; 390392.18 ; 211853.33
cd ; 316 ; 174886.78 ; 16148.43 ; 205705.4
ce ; 625 ; 161450.71 ; 264779.68 ; 15444.24
cf ; 616 ; 182865.33 ; 337084.09 ; 17386.22
cg ; 344 ; 347844.88 ; 264326.14 ; 38665.71
ch ; 66 ; 156108.95 ; 397724.37 ; 291621.34
ci ; 101 ; 128273.83 ; 137569.6 ; 353653.72
cj ; 427 ; 395026.27 ; 340440.23 ; 329611.82
ck ; 412 ; 394060.36 ; 70974.26 ; 24147.18
cl ; 468 ; 30990.06 ; 108661.33 ; 83819.18
cm ; 517 ; 264231.23 ; 60468.24 ; 320335.13
cn ; 1097 ; 278849.05 ; 311421.88 ; 303640.41
co ; 91 ; 8499.97 ; 79462.93 ; 292910.64
cp ; 631 ; 323739.58 ; 29951.21 ; 337982.66
cq ; 976 ; 173783.14 ; 182724.63 ; 316883.73
cr ; 94 ; 39131.69 ; 90788.56 ; 161998.81
cs ; 733 ; 116298.3 ; 121729.3 ; 275104.76
ct ; 987 ; 46410.78 ; 260528.13 ; 374007.8
cu ; 457 ; 59113.25 ; 361317.6 ; 30607.2
cv ; 34 ; 326295.66 ; 13802.54 ; 295824.08
cw ; 912 ; 209062.18 ; 317716.34 ; 248104.63
cx ; 1063 ; 165851.73 ; 169636.52 ; 295827.33
cy ; 1039 ; 169238.2 ; 172832.7 ; 308663.78
cz ; 580 ; 244350.62 ; 221120.33 ; 65623.07
da ; 254 ; 142673.85 ; 328348.08 ; 194067.6
db ; 632 ; 14705.02 ; 152011.31 ; 255374.2
dc ; 553 ; 10647.87 ; 123918.05 ; 18724.14
dd ; 775 ; 327528.81 ; 360888.45 ; 223633.39
de ; 853 ; 145504.86 ; 307534.4 ; 205463.98
df ; 896 ; 232689.38 ; 49573.55 ; 245520.06
dg ; 423 ; 297332.77 ; 216503.29 ; 230434.83
dh ; 1107 ; 335862.88 ; 278601.16 ; 244963.51
di ; 704 ; 249319.34 ; 34096.94 ; 168136.91
dj ; 40 ; 390199.68 ; 103130.36 ; 324903.5
dk ; 1140 ; 74478.89 ; 347166.97 ; 392618.08
dl ; 1027 ; 389344.62 ; 210106.52 ; 5978.67
dm ; 296 ; 22993.0 ; 242696.6 ; 111757.41
dn ; 1020 ; 29393.17 ; 4743.44 ; 81031.02
do ; 639 ; 375067.12 ; 202935.34 ; 17478.51
dp ; 847 ; 339273.77 ; 311810.55 ; 180441.59
dq ; 557 ; 108455.68 ; 193128.3 ; 289864.3
dr ; 590 ; 282462.35 ; 188221.44 ; 344981.54
ds ; 54 ; 88003.9 ; 14517.51 ; 358705.51
dt ; 630 ; 271594.12 ; 210559.19 ; 150995.62
du ; 771 ; 239499.37 ; 259971.82 ; 153831.08
dv ; 266 ; 366749.53 ; 36399.13 ; 303245.09
dw ; 343 ; 213814.34 ; 4914.77 ; 145506.82
dx ; 1051 ; 173525.04 ; 162021.28 ; 375413.43
dy ; 190 ; 316143.77 ; 76952.37 ; 115328.49
dz ; 513 ; 310810.0 ; 371988.87 ; 238750.16
ea ; 627 ; 154365.95 ; 75725.78 ; 186794.17
eb ; 1062 ; 905.04 ; 75230.51 ; 231362.69
ec ; 1165 ; 382250.46 ; 290315.36 ; 318069.98
ed ; 463 ; 160050.31 ; 100756.0 ; 395864.69
ee ; 69 ; 348577.74 ; 189859.99 ; 1022.22
ef ; 925 ; 148312.02 ; 195436.76 ; 18825.19
eg ; 788 ; 328636.48 ; 91957.76 ; 48786.11
eh ; 246 ; 42574.72 ; 214273.03 ; 279368.78
ei ; 898 ; 85745.39 ; 285246.42 ; 117566.89
ej ; 1156 ; 266824.34 ; 346827.04 ; 322146.41
ek ; 958 ; 130841.39 ; 298229.02 ; 42860.7
el ; 836 ; 45661.28 ; 165788.98 ; 30029.0
em ; 1045 ; 54992.2 ; 185893.29 ; 391684.98
en ; 1067 ; 10903.48 ; 36510.41 ; 391742.13
eo ; 850 ; 281445.95 ; 322065.02 ; 342796.12
ep ; 979 ; 143518.3 ; 10263.94 ; 169417.88
eq ; 1077 ; 345252.94 ; 172160.24 ; 114063.41
er ; 578 ; 4700.64 ; 154996.19 ; 120463.92
es ; 436 ; 36034.46 ; 359912.03 ; 149097.0
et ; 836 ; 118443.71 ; 86324.26 ; 4122.26
eu ; 367 ; 220568.04 ; 249358.13 ; 257268.99
ev ; 555 ; 311513.67 ; 186180.67 ; 326097.06
ew ; 244 ; 261665.94 ; 62353.52 ; 140900.87
ex ; 51 ; 19623.76 ; 368423.02 ; 28647.12
ey ; 365 ; 225962.72 ; 159533.6 ; 52212.26
ez ; 302 ; 252929.04 ; 260609.28 ; 116928.35
fa ; 238 ; 204068.33 ; 68033.0 ; 316863.03
fb ; 262 ; 296092.48 ; 396381.8 ; 362129.33
fc ; 314 ; 19099.04 ; 123007.04 ; 371434.81
fd ; 341 ; 278884.34 ; 50934.03 ; 228778.55
fe ; 128 ; 81631.11 ; 344199.92 ; 249449.28
ff ; 903 ; 30412.55 ; 308143.46 ; 172077.57
fg ; 873 ; 388342.98 ; 189157.52 ; 180241.4
fh ; 798 ; 118637.5 ; 174466.75 ; 256757.11
fi ; 603 ; 98661.93 ; 298412.65 ; 207569.94
fj ; 1004 ; 392210.73 ; 284698.29 ; 314037.16
fk ; 620 ; 150566.38 ; 196496.04 ; 160413.69
fl ; 661 ; 259871.04 ; 103843.46 ; 183750.11
fm ; 892 ; 124523.59 ; 16800.05 ; 200446.88
fn ; 921 ; 63213.67 ; 51033.08 ; 340418.04
fo ; 332 ; 129113.48 ; 212467.1 ; 210299.1
fp ; 733 ; 247754.31 ; 144694.22 ; 142377.1
fq ; 679 ; 198119.89 ; 389447.12 ; 120048.56
fr ; 523 ; 263743.32 ; 244494.33 ; 170701.91
fs ; 234 ; 85664.11 ; 83077.58 ; 267091.46
ft ; 197 ; 58325.34 ; 360457.92 ; 294676.01
fu ; 1143 ; 397469.29 ; 231647.5 ; 103294.5
fv ; 361 ; 182282.87 ; 62048.35 ; 111503.43
fw ; 742 ; 332288.14 ; 44264.0 ; 203718.17
fx ; 889 ; 65552.09 ; 235032.18 ; 260314.33
fy ; 544 ; 108987.84 ; 160251.77 ; 187665.08
fz ; 315 ; 284817.08 ; 229883.96 ; 214831.74
ga ; 602 ; 281745.45 ; 388030.18 ; 360269.4
gb ; 115 ; 234716.57 ; 80537.75 ; 326560.04
gc ; 432 ; 196007.42 ; 83268.71 ; 162036.93
gd ; 810 ; 252012.92 ; 232102.57 ; 52427.94
ge ; 602 ; 381820.55 ; 263363.75 ; 272553.01
gf ; 994 ; 90681.98 ; 273855.23 ; 150286.74
gg ; 691 ; 278949.42 ; 394324.2 ; 158771.47
gh ; 611 ; 173167.38 ; 373392.49 ; 365746.94
gi ; 724 ; 251264.05 ; 21989.57 ; 52432.12
gj ; 1004 ; 170992.7 ; 143743.47 ; 139147.31
gk ; 378 ; 201897.09 ; 194427.04 ; 372697.51
gl ; 103 ; 126339.37 ; 191906.17 ; 130875.55
gm ; 990 ; 188344.34 ; 242602.7 ; 9577.94
gn ; 5 ; 140712.02 ; 263660.74 ; 30898.75
go ; 953 ; 314634.02 ; 97503.17 ; 15847.73
gp ; 831 ; 11344.5 ; 156614.62 ; 178255.1
gq ; 1146 ; 118070.88 ; 162774.87 ; 212901.22
gr ; 508 ; 142556.26 ; 323014.41 ; 154208.38
gs ; 564 ; 85654.78 ; 60739.17 ; 364952.12
gt ; 925 ; 388409.0 ; 100884.43 ; 110528.24
gu ; 1047 ; 259875.12 ; 146874.0 ; 164139.6
gv ; 719 ; 115321.22 ; 64515.76 ; 285669.37
gw ; 370 ; 148855.62 ; 250548.5 ; 255451.27
gx ; 1081 ; 248920.08 ; 362318.62 ; 329728.82
gy ; 649 ; 232981.65 ; 50286.07 ; 97891.29
gz ; 50 ; 337057.48 ; 347624.22 ; 119084.12
ha ; 736 ; 317580.55 ; 143183.81 ; 339325.77
hb ; 895 ; 178878.63 ; 49539.62 ; 35544.74
hc ; 697 ; 172695.39 ; 122334.29 ; 70898.33
hd ; 1153 ; 63429.52 ; 213205.46 ; 133719.77
he ; 619 ; 255614.6 ; 142137.69 ; 374950.35
hf ; 451 ; 67062.04 ; 356503.89 ; 261974.47
hg ; 332 ; 351537.41 ; 132653.87 ; 351169.0
hh ; 314 ; 166673.94 ; 368315.42 ; 207253.16
hi ; 568 ; 353435.41 ; 297514.74 ; 353891.48
hj ; 49 ; 320102.22 ; 12882.26 ; 86967.49
hk ; 830 ; 39398.72 ; 142172.45 ; 175602.04
hl ; 992 ; 163439.24 ; 347703.06 ; 26430.65
hm ; 415 ; 62910.32 ; 293774.24 ; 279577.31
hn ; 1035 ; 218527.82 ; 267870.63 ; 297258.06
ho ; 368 ; 21669.16 ; 169332.84 ; 258301.11
hp ; 320 ; 331529.98 ; 214152.77 ; 211832.92
hq ; 139 ; 119345.97 ; 188861.29 ; 9804.06
hr ; 1104 ; 272917.92 ; 41653.01 ; 208225.98
hs ; 216 ; 194776.84 ; 83424.21 ; 325810.18
ht ; 711 ; 309836.02 ; 208078.58 ; 40180.79
hu ; 749 ; 100462.37 ; 392383.82 ; 227294.4
hv ; 960 ; 313597.63 ; 134265.9 ; 154686.01
hw ; 177 ; 230968.02 ; 41879.15 ; 268555.66
hx ; 296 ; 310794.45 ; 45607.25 ; 46629.99
hy ; 1163 ; 289110.4 ; 218006.73 ; 301585.23
hz ; 483 ; 321881.96 ; 159213.33 ; 331336.48
ia ; 62 ; 180148.96 ; 382101.18 ; 337461.29
ib ; 126 ; 108482.4 ; 184364.85 ; 266247.75
ic ; 1018 ; 365646.83 ; 390659.63 ; 366600.13
id ; 246 ; 185226.69 ; 164416.03 ; 55371.95
ie ; 760 ; 382159.91 ; 108291.41 ; 80061.47
if ; 518 ; 240378.83 ; 272106.68 ; 321345.87
ig ; 10 ; 46906.01 ; 399230.25 ; 138020.15
ih ; 19 ; 119221.12 ; 34649.44 ; 245551.69
ii ; 1061 ; 21417.86 ; 167841.49 ; 25548.9
ij ; 140 ; 212536.48 ; 356359.42 ; 134416.28
ik ; 932 ; 311980.54 ; 182111.66 ; 222867.88
il ; 901 ; 69293.13 ; 185020.24 ; 190728.71
im ; 111 ; 68983.81 ; 315349.1 ; 276464.19
in ; 38 ; 227033.53 ; 76586.23 ; 173217.51
io ; 305 ; 319726.69 ; 5099.2 ; 287998.41
ip ; 828 ; 104424.92 ; 283325.36 ; 224046.3
iq ; 487 ; 72874.58 ; 238593.05 ; 209720.26
ir ; 466 ; 167140.63 ; 305034.43 ; 238587.4
is ; 546 ; 98365.94 ; 339545.27 ; 159545.58
it ; 481 ; 381496.88 ; 394249.63 ; 332060.11
iu ; 834 ; 131475.08 ; 17434.38 ; 162369.55
iv ; 113 ; 153863.65 ; 195487.39 ; 137101.15
iw ; 694 ; 140768.03 ; 349490.15 ; 200171.14
ix ; 460 ; 266179.86 ; 158743.23 ; 52494.71
iy ; 687 ; 214255.74 ; 94774.83 ; 123175.02
iz ; 877 ; 20654.56 ; 95650.42 ; 208106.08
ja ; 745 ; 387234.86 ; 127570.43 ; 173875.86
jb ; 892 ; 219442.43 ; 354698.68 ; 196742.1
jc ; 848 ; 265378.85 ; 309395.86 ; 26412.63
jd ; 185 ; 139524.22 ; 202317.69 ; 114483.5
je ; 755 ; 95502.85 ; 336589.76 ; 354946.84
jf ; 200 ; 375693.2 ; 219187.62 ; 359082.52
jg ; 506 ; 373210.57 ; 247092.36 ; 88033.48
jh ; 1072 ; 92896.52 ; 169072.61 ; 337278.17
ji ; 805 ; 69456.07 ; 326650.83 ; 238661.92
jj ; 917 ; 92734.75 ; 197239.54 ; 70402.42
jk ; 776 ; 143518.61 ; 82775.66 ; 186817.58
jl ; 368 ; 264369.76 ; 41498.43 ; 117717.01
jm ; 283 ; 150290.95 ; 219281.25 ; 51261.51
jn ; 1103 ; 264074.91 ; 29781.4 ; 71262.98
jo ; 491 ; 385742.98 ; 324159.25 ; 396165.47
jp ; 626 ; 393891.76 ; 363737.23 ; 102078.32
jq ; 246 ; 60974.7 ; 69971.52 ; 9732.33
jr ; 1175 ; 375823.79 ; 125076.05 ; 184801.31
js ; 818 ; 131560.95 ; 33919.84 ; 175344.42
jt ; 201 ; 371408.44 ; 246046.5 ; 57359.93
ju ; 59 ; 256272.71 ; 89408.49 ; 340254.7
jv ; 508 ; 4311.58 ; 290722.86 ; 255113.61
jw ; 261 ; 298286.9 ; 327148.44 ; 26714.51
jx ; 1167 ; 38148.62 ; 87754.22 ; 88175.72
jy ; 203 ; 192845.28 ; 94522.9 ; 240058.48
jz ; 349 ; 167316.67 ; 296103.31 ; 98233.2
ka ; 68 ; 29681.86 ; 139049.15 ; 117158.78
kb ; 1176 ; 239174.83 ; 177893.27 ; 53448.92
kc ; 376 ; 210073.59 ; 139595.87 ; 39806.93
kd ; 647 ; 334549.43 ; 271094.73 ; 258446.65
ke ; 631 ; 16673.06 ; 386330.69 ; 392115.74
kf ; 339 ; 47557.5 ; 360065.6 ; 338347.14
kg ; 44 ; 384426.6 ; 27137.63 ; 134387.6
kh ; 253 ; 305176.63 ; 399050.86 ; 215897.23
ki ; 832 ; 204404.49 ; 218771.55 ; 17691.98
kj ; 318 ; 25614.91 ; 97468.63 ; 51834.4
kk ; 113 ; 334274.34 ; 226715.25 ; 132060.41
kl ; 1016 ; 161747.3 ; 208646.49 ; 227973.12
km ; 718 ; 308195.06 ; 194102.35 ; 150717.18
kn ; 1030 ; 288314.17 ; 234378.36 ; 198519.77
ko ; 1154 ; 363955.35 ; 257427.21 ; 225812.79
kp ; 27 ; 344491.43 ; 255477.5 ; 275510.86
kq ; 683 ; 195381.29 ; 264604.33 ; 79110.53
kr ; 248 ; 101680.15 ; 85832.16 ; 1119.62
ks ; 344 ; 5764.9 ; 274536.48 ; 376816.81
kt ; 213 ; 137441.36 ; 107294.26 ; 279833.18
ku ; 863 ; 32367.37 ; 3133.65 ; 200722.14
kv ; 849 ; 60684.96 ; 125702.06 ; 321479.66
kw ; 1007 ; 172835.72 ; 15791.43 ; 192639.88
kx ; 754 ; 173967.78 ; 348107.42 ; 196455.66
ky ; 120 ; 131387.9 ; 295902.39 ; 367658.89
kz ; 270 ; 69330.88 ; 256266.62 ; 128672.56
la ; 58 ; 236886.01 ; 112578.48 ; 74291.15
lb ; 386 ; 359408.35 ; 75003.91 ; 356896.26
lc ; 459 ; 269024.96 ; 359809.34 ; 217190.73
ld ; 525 ; 194305.14 ; 35444.59 ; 331157.18
le ; 890 ; 62864.43 ; 282541.67 ; 195571.46
lf ; 44 ; 87623.38 ; 248218.93 ; 30304.93
lg ; 976 ; 27920.8 ; 236166.1 ; 354320.45
lh ; 690 ; 46693.1 ; 57031.19 ; 364469.3
li ; 47 ; 8440.6 ; 390086.45 ; 348865.1
lj ; 170 ; 381019.16 ; 77568.05 ; 47925.95
lk ; 954 ; 342564.46 ; 317692.67 ; 178336.47
ll ; 546 ; 60918.21 ; 35278.85 ; 387419.84
lm ; 542 ; 298353.92 ; 83737.53 ; 136166.97
ln ; 438 ; 320208.54 ; 101824.27 ; 389424.66
lo ; 1059 ; 314782.58 ; 108500.63 ; 58051.76
lp ; 1032 ; 385264.42 ; 217416.76 ; 258012.83
lq ; 30 ; 44868.5 ; 191136.94 ; 284031.03
lr ; 963 ; 17093.12 ; 20753.71 ; 358669.26
ls ; 694 ; 367198.34 ; 212539.88 ; 222991.94
lt ; 614 ; 133590.16 ; 245621.6 ; 168038.91
lu ; 1121 ; 255452.97 ; 341997.02 ; 385018.36
lv ; 1165 ; 217764.52 ; 396684.43 ; 194791.8
lw ; 647 ; 301039.86 ; 395242.03 ; 140260.81
lx ; 436 ; 373516.81 ; 362340.59 ; 14226.31
ly ; 510 ; 362285.74 ; 357299.34 ; 211028.38
lz ; 724 ; 81652.53 ; 126280.18 ; 338647.36
ma ; 413 ; 226928.26 ; 337969.84 ; 25163.36
mb ; 903 ; 397903.76 ; 239345.63 ; 133449.57
mc ; 13 ; 77220.58 ; 364386.06 ; 19159.0
md ; 822 ; 383422.5 ; 243547.3 ; 284405.69
me ; 888 ; 180286.03 ; 110845.99 ; 215287.01
mf ; 986 ; 172504.06 ; 271910.53 ; 65676.19
mg ; 469 ; 265203.44 ; 111370.02 ; 152650.32
mh ; 657 ; 68190.54 ; 187770.2 ; 11138.37
mi ; 263 ; 173878.44 ; 316263.94 ; 269190.62
mj ; 941 ; 251829.83 ; 114187.41 ; 272999.46
mk ; 51 ; 148375.7 ; 399572.11 ; 322971.12
ml ; 547 ; 66117.97 ; 145884.33 ; 112533.02
mm ; 652 ; 382911.21 ; 378633.46 ; 398690.66
mn ; 319 ; 357515.41 ; 122025.49 ; 301256.24
mo ; 848 ; 335982.07 ; 80920.97 ; 217653.4
mp ; 327 ; 252955.36 ; 318004.82 ; 194256.45
mq ; 164 ; 231592.8 ; 125092.25 ; 76154.33
mr ; 345 ; 372829.97 ; 321279.96 ; 366271.29
ms ; 37 ; 16049.94 ; 314750.62 ; 378562.32
mt ; 836 ; 33018.51 ; 147637.84 ; 299252.81
mu ; 884 ; 374382.55 ; 309967.05 ; 78613.16
mv ; 1060 ; 239276.64 ; 138134.36 ; 142658.61
mw ; 473 ; 304217.0 ; 249527.5 ; 269219.97
mx ; 268 ; 150307.98 ; 178732.12 ; 9498.93
my ; 609 ; 382336.78 ; 140991.49 ; 185936.24
mz ; 416 ; 240993.93 ; 221564.5 ; 235480.45
na ; 63 ; 349821.03 ; 241515.56 ; 267793.6
nb ; 594 ; 287329.66 ; 98858.1 ; 344673.15
nc ; 711 ; 148723.32 ; 257739.83 ; 102084.04
nd ; 259 ; 168212.34 ; 377498.13 ; 55579.29
ne ; 1033 ; 361799.99 ; 117177.25 ; 380953.79
nf ; 1134 ; 138839.45 ; 143937.09 ; 287096.0
ng ; 437 ; 43510.28 ; 277690.65 ; 228025.47
nh ; 117 ; 13912.87 ; 92799.18 ; 28409.36
ni ; 498 ; 17592.27 ; 190155.5 ; 272544.99
nj ; 139 ; 176138.15 ; 159570.81 ; 270299.7
nk ; 1053 ; 38054.73 ; 95594.82 ; 172912.3
nl ; 121 ; 378564.61 ; 110940.14 ; 79157.69
nm ; 332 ; 146655.9 ; 49517.1 ; 133003.15
nn ; 979 ; 159595.06 ; 335806.08 ; 390867.63
no ; 157 ; 26325.78 ; 78016.35 ; 332898.33
np ; 1162 ; 253345.77 ; 364757.71 ; 139080.91
nq ; 957 ; 391350.95 ; 294601.67 ; 326949.16
nr ; 559 ; 71309.63 ; 28581.04 ; 26236.84
ns ; 150 ; 49805.8 ; 172952.43 ; 230275.69
nt ; 875 ; 250765.45 ; 333840.98 ; 204474.37
nu ; 227 ; 96073.3 ; 250430.08 ; 337065.66
nv ; 839 ; 4391.1 ; 380187.11 ; 358616.6
nw ; 1173 ; 283335.6 ; 321567.36 ; 215528.84
nx ; 387 ; 267477.59 ; 82256.7 ; 357315.28
ny ; 864 ; 71655.36 ; 347697.16 ; 282115.67
nz ; 231 ; 183298.0 ; 160367.01 ; 252148.4
oa ; 93 ; 384416.28 ; 357946.14 ; 186335.15
ob ; 763 ; 115889.17 ; 131680.76 ; 76071.74
oc ; 394 ; 247499.58 ; 148838.46 ; 88126.22
od ; 81 ; 380224.7 ; 225530.78 ; 369111.09
oe ; 815 ; 315321.39 ; 175302.69 ; 165335.07
of ; 672 ; 176453.81 ; 117638.11 ; 372142.04
og ; 527 ; 106287.91 ; 347367.09 ; 168692.54
oh ; 293 ; 278742.35 ; 310.03 ; 378703.99
oi ; 979 ; 399107.56 ; 185809.92 ; 63169.43
oj ; 599 ; 70414.33 ; 349456.43 ; 342951.68
ok ; 182 ; 351021.46 ; 32577.83 ; 158969.59
ol ; 277 ; 228119.38 ; 339162.74 ; 304344.9
om ; 916 ; 9493.48 ; 34177.09 ; 184029.53
on ; 241 ; 344333.58 ; 36184.33 ; 59776.26
oo ; 281 ; 276245.68 ; 228486.95 ; 282323.03
op ; 469 ; 241261.19 ; 239776.55 ; 128510.78
oq ; 990 ; 182623.05 ; 386898.3 ; 397546.53
or ; 3 ; 381051.46 ; 770.96 ; 307449.31
os ; 925 ; 255322.62 ; 202102.19 ; 275525.08
ot ; 59 ; 362232.03 ; 174315.18 ; 160077.86
ou ; 1080 ; 28056.4 ; 324668.48 ; 2379.08
ov ; 1057 ; 10917.09 ; 372512.07 ; 105975.65
ow ; 302 ; 66541.75 ; 63713.11 ; 170313.0
ox ; 295 ; 332392.49 ; 259315.62 ; 244057.48
oy ; 939 ; 80983.26 ; 169569.74 ; 83412.56
oz ; 789 ; 89649.36 ; 161419.39 ; 180730.12
pa ; 133 ; 47909.54 ; 109225.51 ; 328814.78
pb ; 485 ; 323923.5 ; 54547.66 ; 307701.26
pc ; 729 ; 364055.6 ; 262063.5 ; 2004.71
pd ; 894 ; 21826.99 ; 243381.43 ; 236179.17
pe ; 1030 ; 298501.6 ; 70847.8 ; 55936.56
pf ; 957 ; 59265.97 ; 361401.99 ; 293159.18
pg ; 771 ; 296777.26 ; 192775.03 ; 130095.39
ph ; 41 ; 369699.91 ; 392050.96 ; 226932.33
pi ; 34 ; 178506.24 ; 213517.72 ; 1327.47
pj ; 791 ; 359720.12 ; 179481.12 ; 59130.02
pk ; 94 ; 362040.48 ; 331508.0 ; 190054.51
pl ; 1172 ; 366648.98 ; 98228.29 ; 210479.92
pm ; 818 ; 240045.22 ; 367416.46 ; 196077.9
pn ; 505 ; 133885.81 ; 22578.52 ; 88156.34
po ; 32 ; 332099.6 ; 110139.29 ; 157063.89
pp ; 1090 ; 298811.39 ; 169224.92 ; 223682.33
pq ; 575 ; 200694.57 ; 100418.57 ; 117866.31
pr ; 585 ; 320079.69 ; 390733.04 ; 196888.15
ps ; 1116 ; 91531.98 ; 348998.13 ; 304114.82
pt ; 497 ; 185961.47 ; 214848.22 ; 88822.47
pu ; 344 ; 63734.35 ; 163723.94 ; 76375.49
pv ; 278 ; 372592.78 ; 190796.54 ; 93548.72
pw ; 334 ; 83994.39 ; 41002.65 ; 278850.22
px ; 1039 ; 44399.47 ; 93986.52 ; 178892.59
py ; 1031 ; 314533.8 ; 124892.67 ; 344216.69
pz ; 99 ; 214159.37 ; 48538.31 ; 164202.65
qa ; 1030 ; 183510.0 ; 377163.25 ; 388717.93
qb ; 441 ; 210977.73 ; 213877.49 ; 51129.28
qc ; 54 ; 140391.11 ; 151813.29 ; 146232.06
qd ; 787 ; 143290.86 ; 321940.2 ; 269232.09
qe ; 199 ; 242395.85 ; 231650.95 ; 124227.7
qf ; 189 ; 314018.18 ; 394434.38 ; 176401.23
qg ; 498 ; 115378.11 ; 222754.71 ; 8949.39
qh ; 29 ; 82255.44 ; 61510.72 ; 249634.09
qi ; 949 ; 381243.05 ; 202623.01 ; 363904.4
qj ; 1177 ; 217307.35 ; 274290.36 ; 237968.23
qk ; 718 ; 2325.67 ; 156987.62 ; 149436.53
ql ; 495 ; 132294.15 ; 18701.8 ; 80503.8
qm ; 775 ; 12388.38 ; 38410.02 ; 191894.98
qn ; 1092 ; 283008.35 ; 103766.95 ; 121365.3
qo ; 240 ; 69850.11 ; 397419.63 ; 119340.29
qp ; 493 ; 169513.59 ; 204372.17 ; 303310.25
qq ; 246 ; 179006.45 ; 330258.31 ; 87465.75
qr ; 33 ; 133033.3 ; 310159.86 ; 233565.35
qs ; 773 ; 349086.21 ; 321899.31 ; 135063.68
qt ; 672 ; 118969.28 ; 209941.06 ; 232787.84
qu ; 479 ; 144856.59 ; 276131.09 ; 96277.86
qv ; 532 ; 387422.04 ; 377875.16 ; 231333.17
qw ; 612 ; 308504.73 ; 47157.71 ; 8052.15
qx ; 855 ; 264111.47 ; 322363.93 ; 9159.14
qy ; 524 ; 327737.51 ; 128720.09 ; 359508.75
qz ; 605 ; 263849.03 ; 194074.45 ; 338998.99
ra ; 857 ; 28059.19 ; 346866.52 ; 164764.71
rb ; 264 ; 85167.7 ; 140543.88 ; 234368.25
rc ; 166 ; 166357.42 ; 220611.67 ; 188891.12
rd ; 854 ; 45017.23 ; 16349.67 ; 49545.5
re ; 515 ; 359532.04 ; 349235.02 ; 357033.55
rf ; 179 ; 29173.39 ; 107007.63 ; 42627.7
rg ; 838 ; 102572.99 ; 273098.22 ; 324776.44
rh ; 646 ; 318513.77 ; 354485.68 ; 87046.1
ri ; 764 ; 261576.7 ; 3954.49 ; 370021.72
rj ; 42 ; 355855.75 ; 70478.27 ; 57111.51
rk ; 448 ; 288992.31 ; 87772.66 ; 11807.16
rl ; 363 ; 182721.08 ; 307556.54 ; 170170.76
rm ; 892 ; 163967.87 ; 50372.93 ; 92960.12
rn ; 885 ; 95171.88 ; 109411.46 ; 382110.52
ro ; 803 ; 269376.77 ; 235013.86 ; 184620.95
rp ; 688 ; 164830.55 ; 72996.11 ; 297102.11
rq ; 419 ; 280805.37 ; 143114.16 ; 183421.48
rr ; 741 ; 369806.32 ; 19770.14 ; 69050.08
rs ; 594 ; 118153.16 ; 387500.31 ; 100477.96
rt ; 130 ; 231577.38 ; 368592.66 ; 22060.12
ru ; 670 ; 86831.6 ; 231880.81 ; 349565.21
rv ; 57 ; 27060.95 ; 158676.46 ; 127077.07
rw ; 763 ; 283518.98 ; 204089.46 ; 325682.65
rx ; 191 ; 317084.89 ; 92490.49 ; 278075.76
ry ; 1072 ; 229693.77 ; 314051.7 ; 363495.0
rz ; 575 ; 352876.88 ; 155370.84 ; 326966.25
sa ; 644 ; 361935.43 ; 283266.04 ; 252624.47
sb ; 138 ; 321200.37 ; 369820.15 ; 263524.48
sc ; 658 ; 275457.5 ; 2710.69 ; 220334.7
sd ; 110 ; 275164.62 ; 109994.82 ; 329803.11
se ; 378 ; 223579.1 ; 106732.28 ; 301438.36
sf ; 927 ; 370958.03 ; 368133.92 ; 209627.97
sg ; 245 ; 136068.12 ; 390380.41 ; 65242.47
sh ; 574 ; 217269.77 ; 91703.98 ; 268058.61
si ; 66 ; 341031.5 ; 20020.21 ; 178780.82
sj ; 498 ; 367160.88 ; 300458.48 ; 275649.61
sk ; 925 ; 281384.44 ; 227159.77 ; 120010.23
sl ; 279 ; 21667.4 ; 106228.92 ; 217439.12
sm ; 613 ; 67557.54 ; 109636.84 ; 382801.35
sn ; 512 ; 255364.45 ; 211316.98 ; 245030.36
so ; 566 ; 243937.11 ; 74314.04 ; 90350.12
sp ; 768 ; 116022.62 ; 21641.84 ; 122565.27
sq ; 460 ; 116920.94 ; 186294.07 ; 168875.86
sr ; 679 ; 54890.22 ; 251152.3 ; 136170.97
ss ; 654 ; 230082.53 ; 300062.43 ; 90796.48
st ; 571 ; 134975.83 ; 386169.02 ; 218557.01
su ; 1078 ; 110943.1 ; 116595.6 ; 336067.41
sv ; 1123 ; 219987.1 ; 54464.12 ; 78597.69
sw ; 925 ; 148979.88 ; 274172.25 ; 275153.08
sx ; 365 ; 219475.73 ; 375954.93 ; 312668.38
sy ; 910 ; 205986.88 ; 381677.81 ; 42037.48
sz ; 1128 ; 329068.26 ; 24361.62 ; 12212.65
ta ; 570 ; 282952.59 ; 254600.07 ; 236596.34
tb ; 904 ; 2587.5 ; 380134.29 ; 167241.84
tc ; 1140 ; 20746.8 ; 35073.78 ; 254344.79
td ; 835 ; 63884.84 ; 360836.62 ; 260797.88
te ; 889 ; 303766.52 ; 30013.84 ; 256859.17
tf ; 523 ; 244892.12 ; 123260.44 ; 253428.4
tg ; 1113 ; 369982.54 ; 168817.06 ; 294123.36
th ; 632 ; 102299.17 ; 129062.11 ; 378657.51
ti ; 342 ; 297941.88 ; 49084.4 ; 289046.51
tj ; 857 ; 236617.89 ; 247308.98 ; 383928.83
tk ; 581 ; 374986.86 ; 57442.73 ; 48523.61
tl ; 368 ; 122682.67 ; 138326.91 ; 174725.2
tm ; 45 ; 344145.74 ; 296519.92 ; 183281.94
tn ; 748 ; 27984.0 ; 196727.54 ; 192074.47
to ; 189 ; 282727.14 ; 260763.74 ; 360740.77
tp ; 583 ; 115161.22 ; 232071.11 ; 71583.54
tq ; 308 ; 368340.58 ; 318447.46 ; 46608.92
tr ; 393 ; 320325.02 ; 2951.05 ; 227219.79
ts ; 681 ; 166034.47 ; 195809.99 ; 333840.33
tt ; 736 ; 23563.4 ; 378129.09 ; 87583.48
tu ; 1144 ; 40246.47 ; 281996.45 ; 344452.93
tv ; 918 ; 211639.6 ; 294185.38 ; 87135.65
tw ; 1084 ; 373890.32 ; 205548.51 ; 377058.91
tx ; 1076 ; 340946.71 ; 203090.14 ; 361510.82
ty ; 253 ; 10499.15 ; 91020.11 ; 332041.15
tz ; 991 ; 182383.83 ; 163326.1 ; 171964.03
ua ; 984 ; 68406.35 ; 127375.85 ; 296366.97
ub ; 214 ; 173312.5 ; 396716.05 ; 205835.6
uc ; 221 ; 266189.5 ; 341318.01 ; 225962.03
ud ; 821 ; 370816.27 ; 218501.6 ; 243609.82
ue ; 883 ; 375185.6 ; 40630.24 ; 80731.83
uf ; 192 ; 83635.21 ; 369412.42 ; 354340.77
ug ; 1142 ; 241697.44 ; 120219.47 ; 168431.95
uh ; 1038 ; 281935.49 ; 173957.13 ; 214782.33
ui ; 831 ; 378887.83 ; 60007.72 ; 66699.27
uj ; 678 ; 49573.59 ; 164626.16 ; 265317.25
uk ; 206 ; 241003.35 ; 316245.02 ; 14643.71
ul ; 1144 ; 180111.99 ; 105974.77 ; 305571.94
um ; 570 ; 123008.19 ; 394502.25 ; 135801.01
un ; 339 ; 104764.54 ; 137782.95 ; 81791.24
uo ; 771 ; 150644.76 ; 371557.64 ; 247871.87
up ; 371 ; 127384.11 ; 58187.81 ; 237449.79
uq ; 343 ; 394903.03 ; 340575.46 ; 65285.63
ur ; 628 ; 364827.62 ; 258188.89 ; 25025.53
us ; 113 ; 215045.09 ; 194823.48 ; 375597.35
ut ; 96 ; 2582.59 ; 167008.5 ; 379039.99
uu ; 109 ; 48809.54 ; 330911.59 ; 94035.74
uv ; 604 ; 132063.04 ; 292960.72 ; 85466.78
uw ; 1167 ; 392176.41 ; 115864.79 ; 39900.8
ux ; 689 ; 299449.15 ; 16165.89 ; 317557.97
uy ; 257 ; 314515.3 ; 291943.22 ; 383850.98
uz ; 240 ; 128258.6 ; 131502.07 ; 127506.72
va ; 883 ; 264909.09 ; 327377.48 ; 133577.59
vb ; 759 ; 200308.09 ; 304026.68 ; 220238.26
vc ; 1044 ; 167678.06 ; 155755.41 ; 362366.19
vd ; 644 ; 193748.5 ; 364472.71 ; 137879.95
ve ; 668 ; 72122.75 ; 198819.15 ; 155823.83
vf ; 451 ; 167569.31 ; 65071.6 ; 237942.81
vg ; 1055 ; 56955.24 ; 32920.03 ; 48073.06
vh ; 1067 ; 261800.41 ; 262694.91 ; 258708.14
vi ; 1041 ; 637.79 ; 103364.09 ; 91740.12
vj ; 757 ; 91571.01 ; 297705.04 ; 389859.78
vk ; 291 ; 151720.59 ; 146255.02 ; 154859.63
vl ; 694 ; 107115.78 ; 183030.83 ; 82964.14
vm ; 654 ; 308226.03 ; 61731.26 ; 191148.16
vn ; 896 ; 171360.78 ; 41698.65 ; 265609.62
vo ; 644 ; 165857.78 ; 49986.35 ; 23647.93
vp ; 740 ; 204069.08 ; 229648.67 ; 314370.5
vq ; 896 ; 173085.11 ; 343275.86 ; 239117.59
vr ; 891 ; 169290.35 ; 54638.18 ; 261730.1
vs ; 1 ; 49102.08 ; 335338.36 ; 367752.45
vt ; 216 ; 196028.62 ; 66130.23 ; 106440.49
vu ; 1035 ; 246878.89 ; 60523.37 ; 39687.09
vv ; 980 ; 28548.31 ; 155445.44 ; 61126.88
vw ; 561 ; 101392.24 ; 380597.48 ; 323934.44
vx ; 455 ; 270204.56 ; 73487.64 ; 141754.04
vy ; 1138 ; 92964.46 ; 13962.71 ; 226090.0
vz ; 285 ; 346291.73 ; 226286.98 ; 42454.85
wa ; 817 ; 160996.82 ; 212278.77 ; 222590.13
wb ; 299 ; 316944.48 ; 181110.95 ; 117279.65
wc ; 1058 ; 266795.66 ; 218167.14 ; 398280.47
wd ; 287 ; 86050.9 ; 35668.99 ; 340056.74
we ; 1143 ; 62771.38 ; 87268.38 ; 213872.87
wf ; 868 ; 109494.32 ; 284046.23 ; 233083.17
wg ; 446 ; 80208.21 ; 163286.8 ; 323866.65
wh ; 407 ; 343786.06 ; 108578.02 ; 224100.62
wi ; 713 ; 288843.91 ; 377204.96 ; 76604.65
wj ; 9 ; 232880.34 ; 55355.61 ; 26745.03
wk ; 919 ; 204369.89 ; 220629.99 ; 354634.73
wl ; 427 ; 261351.98 ; 171060.81 ; 302981.11
wm ; 273 ; 321412.69 ; 118965.32 ; 141887.67
wn ; 196 ; 288808.04 ; 143718.16 ; 239398.23
wo ; 493 ; 315876.13 ; 381235.84 ; 246327.93
wp ; 493 ; 292081.0 ; 385991.61 ; 167689.9
wq ; 165 ; 124809.36 ; 195430.18 ; 331389.5
wr ; 303 ; 258411.23 ; 250847.48 ; 122401.88
ws ; 929 ; 43418.72 ; 150377.05 ; 29432.31
wt ; 1169 ; 72934.5 ; 89136.28 ; 299342.8
wu ; 13 ; 72785.27 ; 60356.0 ; 282.73
wv ; 1049 ; 125367.89 ; 198474.27 ; 43010.88
ww ; 766 ; 262268.93 ; 345056.71 ; 358287.95
wx ; 580 ; 270327.94 ; 367725.6 ; 13275.15
wy ; 610 ; 87730.17 ; 95695.08 ; 93609.28
wz ; 160 ; 358146.69 ; 257913.37 ; 137048.92
xa ; 503 ; 370447.53 ; 77605.71 ; 144090.93
xb ; 242 ; 16460.65 ; 176287.26 ; 230197.85
xc ; 788 ; 159767.68 ; 309369.38 ; 78552.42
xd ; 1017 ; 188833.28 ; 249717.98 ; 10772.66
xe ; 551 ; 271867.41 ; 384830.32 ; 141768.26
xf ; 974 ; 316920.76 ; 388297.3 ; 218961.71
xg ; 1041 ; 155531.67 ; 385201.24 ; 280453.75
xh ; 1143 ; 336706.45 ; 29208.78 ; 45893.32
xi ; 213 ; 177508.25 ; 274630.37 ; 38242.47
xj ; 660 ; 35061.94 ; 316160.91 ; 36674.93
xk ; 138 ; 73960.81 ; 381817.91 ; 171747.45
xl ; 203 ; 327892.78 ; 262820.91 ; 227163.33
xm ; 197 ; 9091.74 ; 347436.77 ; 100194.45
xn ; 777 ; 216792.29 ; 247898.31 ; 255148.04
xo ; 670 ; 288519.74 ; 151953.55 ; 248634.09
xp ; 452 ; 300916.93 ; 321411.82 ; 338773.11
xq ; 322 ; 399540.77 ; 184774.26 ; 386538.84
xr ; 493 ; 89996.37 ; 11324.89 ; 275891.15
xs ; 231 ; 132250.56 ; 261798.92 ; 284195.94
xt ; 461 ; 88136.72 ; 297107.52 ; 65306.85
xu ; 1110 ; 382552.59 ; 117095.33 ; 153224.78
xv ; 644 ; 140293.0 ; 275191.03 ; 393480.5
xw ; 63 ; 388151.88 ; 226242.96 ; 47639.14
xx ; 262 ; 94096.81 ; 93165.78 ; 239706.24
xy ; 627 ; 217754.9 ; 199174.28 ; 389976.28
xz ; 109 ; 106865.35 ; 92578.63 ; 231584.13
ya ; 527 ; 355549.93 ; 327782.31 ; 82285.0
yb ; 1102 ; 266598.87 ; 38561.27 ; 55836.57
yc ; 520 ; 15835.15 ; 62664.9 ; 33605.85
yd ; 42 ; 330815.01 ; 183787.79 ; 53511.96
ye ; 241 ; 189075.61 ; 235699.73 ; 96862.27
yf ; 1010 ; 49746.38 ; 247426.63 ; 62850.62
yg ; 90 ; 164740.21 ; 392718.11 ; 326562.23
yh ; 56 ; 265411.15 ; 81859.07 ; 120734.71
yi ; 110 ; 351279.78 ; 329720.5 ; 235560.11
yj ; 319 ; 268812.37 ; 379360.53 ; 261675.25
yk ; 682 ; 44069.98 ; 385176.75 ; 1065.6
yl ; 562 ; 260064.04 ; 87696.41 ; 244979.75
ym ; 212 ; 44990.73 ; 396093.74 ; 399202.34
yn ; 1117 ; 211786.61 ; 34783.07 ; 232883.12
yo ; 400 ; 338956.94 ; 33636.48 ; 114680.71
yp ; 58 ; 3340.75 ; 290047.35 ; 375429.93
yq ; 23 ; 191870.78 ; 316843.3 ; 385877.42
yr ; 1042 ; 377354.61 ; 199224.21 ; 275822.72
ys ; 911 ; 73153.98 ; 323883.77 ; 203958.6
yt ; 920 ; 322971.07 ; 199290.05 ; 216758.19
yu ; 194 ; 37659.76 ; 379978.37 ; 261808.95
yv ; 382 ; 82339.52 ; 397247.37 ; 235249.45
yw ; 21 ; 387402.77 ; 263760.29 ; 296802.8
yx ; 750 ; 46611.71 ; 179675.33 ; 42926.26
yy ; 360 ; 248434.29 ; 168320.7 ; 342468.98
yz ; 1009 ; 174804.39 ; 177806.86 ; 337601.45
za ; 456 ; 349357.66 ; 290099.66 ; 377757.7
zb ; 594 ; 54469.26 ; 34691.74 ; 219405.15
zc ; 793 ; 114552.99 ; 145591.45 ; 211621.1
zd ; 893 ; 285541.19 ; 127961.39 ; 99238.38
ze ; 144 ; 130191.96 ; 258877.83 ; 239156.98
zf ; 383 ; 368157.32 ; 391255.67 ; 397064.3
zg ; 795 ; 155713.52 ; 164820.58 ; 393149.75
zh ; 238 ; 32786.79 ; 394750.55 ; 183356.11
zi ; 959 ; 173155.9 ; 238118.15 ; 71966.49
zj ; 763 ; 384992.04 ; 276557.96 ; 326206.04
zk ; 354 ; 217318.2 ; 232144.96 ; 76884.55
zl ; 14 ; 292520.18 ; 104112.81 ; 271782.3
zm ; 464 ; 378202.84 ; 228062.01 ; 70464.69
zn ; 331 ; 95804.72 ; 288954.77 ; 27679.37
zo ; 193 ; 317208.28 ; 154711.32 ; 17173.18
zp ; 990 ; 110075.99 ; 162386.19 ; 26031.48
zq ; 626 ; 24402.98 ; 247396.83 ; 243003.44
zr ; 502 ; 140742.05 ; 372528.1 ; 228453.05
zs ; 230 ; 382424.03 ; 218920.88 ; 113938.72
zt ; 561 ; 381756.87 ; 32252.42 ; 93416.86
zu ; 616 ; 285905.55 ; 98734.99 ; 119002.53
zv ; 675 ; 167996.2 ; 240305.14 ; 363978.98
zw ; 287 ; 160854.91 ; 130688.31 ; 222832.7
zx ; 845 ; 240528.67 ; 55243.73 ; 311397.8
zy ; 352 ; 297833.1 ; 112453.5 ; 172995.32
zz ; 598 ; 267276.62 ; 32882.68 ; 132225.65
aaa ; 1097 ; 124445.55 ; 139914.32 ; 177574.73
aab ; 185 ; 305636.67 ; 71062.73 ; 122389.33
aac ; 757 ; 366295.6 ; 107017.31 ; 225730.84
aad ; 750 ; 102566.12 ; 76011.7 ; 370351.36
aae ; 631 ; 103850.82 ; 378368.93 ; 294632.04
aaf ; 819 ; 293371.15 ; 263711.34 ; 344233.57
aag ; 203 ; 233364.46 ; 250230.55 ; 320707.72
aah ; 590 ; 312917.74 ; 32677.17 ; 118722.78
aai ; 905 ; 387600.74 ; 329496.81 ; 312415.35
aaj ; 170 ; 199967.28 ; 311051.75 ; 389955.57
aak ; 235 ; 320101.11 ; 189584.05 ; 98072.15
aal ; 143 ; 224191.36 ; 332591.79 ; 123878.95
aam ; 349 ; 62987.12 ; 146563.9 ; 367619.64
aan ; 29 ; 55545.32 ; 47326.43 ; 37449.16
aao ; 1020 ; 63294.02 ; 24879.43 ; 23347.84
aap ; 613 ; 26731.3 ; 230876.44 ; 19532.3
aaq ; 419 ; 89072.27 ; 279767.81 ; 107465.41
aar ; 217 ; 42277.46 ; 328134.68 ; 349102.11
aas ; 247 ; 118452.45 ; 160116.58 ; 196003.28
aat ; 67 ; 18238.33 ; 365782.72 ; 316352.27
aau ; 604 ; 329293.09 ; 162574.36 ; 123168.21
aav ; 1 ; 311224.22 ; 269682.71 ; 357320.36
aaw ; 964 ; 205065.93 ; 35557.1 ; 165980.45
aax ; 149 ; 20355.97 ; 75677.94 ; 398803.71
aay ; 551 ; 330724.54 ; 294196.84 ; 351238.83
aaz ; 1019 ; 141175.89 ; 335198.32 ; 16982.07
aba ; 464 ; 61026.08 ; 396045.42 ; 313484.16
abb ; 983 ; 195786.39 ; 211976.97 ; 209251.8
abc ; 660 ; 69496.0 ; 108577.6 ; 6050.94
abd ; 701 ; 942.5 ; 167083.09 ; 307045.82
abe ; 261 ; 68164.78 ; 123901.1 ; 46504.16
abf ; 1157 ; 278010.09 ; 388045.83 ; 133857.79
abg ; 998 ; 35496.84 ; 26499.67 ; 22364.21
abh ; 444 ; 177740.89 ; 98033.33 ; 303466.9
abi ; 336 ; 337332.63 ; 46416.4 ; 359980.14
abj ; 1180 ; 314500.1 ; 395607.38 ; 354199.37
abk ; 970 ; 326750.51 ; 283522.63 ; 99926.62
abl ; 944 ; 42404.59 ; 275517.86 ; 201378.02
abm ; 1027 ; 334220.31 ; 276990.2 ; 308702.91
abn ; 725 ; 312514.63 ; 332290.7 ; 385614.69
abo ; 936 ; 33106.08 ; 71014.15 ; 248748.57
abp ; 709 ; 361039.92 ; 159105.66 ; 51812.29
abq ; 132 ; 240986.45 ; 103959.61 ; 183381.97
abr ; 1161 ; 309448.31 ; 154796.2 ; 96577.57
abs ; 40 ; 285269.95 ; 151419.62 ; 198685.93
abt ; 76 ; 282917.34 ; 123545.32 ; 216098.14
abu ; 1067 ; 207595.48 ; 163003.38 ; 333470.48
abv ; 738 ; 165324.72 ; 44110.43 ; 44324.53
abw ; 564 ; 189593.06 ; 300181.29 ; 161189.0
abx ; 878 ; 321766.39 ; 12536.88 ; 316936.1
aby ; 294 ; 98965.59 ; 91081.62 ; 398734.16
abz ; 177 ; 13252.58 ; 59956.76 ; 369356.28
aca ; 567 ; 299296.06 ; 367125.07 ; 211514.69
acb ; 529 ; 287722.95 ; 310374.0 ; 369151.38
acc ; 54 ; 199885.79 ; 92619.45 ; 123950.17
acd ; 1100 ; 244948.38 ; 36402.37 ; 397923.99
ace ; 334 ; 72863.43 ; 99042.97 ; 63136.92
acf ; 312 ; 196646.71 ; 237177.45 ; 302638.99
acg ; 975 ; 43418.0 ; 72783.42 ; 365635.26
ach ; 369 ; 17586.57 ; 89095.94 ; 328101.61
aci ; 1121 ; 71302.87 ; 313657.7 ; 103678.82
acj ; 1021 ; 291058.25 ; 184413.35 ; 36436.64
ack ; 797 ; 16078.77 ; 192720.22 ; 320660.41
acl ; 199 ; 77133.23 ; 184493.79 ; 106203.02
acm ; 528 ; 238390.83 ; 309636.58 ; 251877.31
acn ; 434 ; 294262.55 ; 271528.62 ; 39633.39
aco ; 955 ; 62360.6 ; 43351.29 ; 39540.55
acp ; 681 ; 22689.89 ; 60957.02 ; 353251.21
acq ; 252 ; 257046.68 ; 263098.35 ; 369871.37
acr ; 53 ; 22649.96 ; 201933.51 ; 295757.68
acs ; 51 ; 240186.38 ; 330975.41 ; 347737.67
act ; 387 ; 178742.62 ; 190067.11 ; 171020.83
acu ; 863 ; 96685.85 ; 150295.94 ; 308703.35
acv ; 68 ; 172687.27 ; 52586.71 ; 165841.82
acw ; 68 ; 263840.05 ; 64248.64 ; 124462.4
acx ; 643 ; 377032.24 ; 383472.21 ; 127852.74
acy ; 202 ; 274876.0 ; 137789.87 ; 298868.71
acz ; 24 ; 174189.88 ; 24574.25 ; 101826.38
ada ; 359 ; 382130.41 ; 385785.83 ; 331057.15
adb ; 493 ; 274672.94 ; 152985.05 ; 18523.03
adc ; 127 ; 125816.84 ; 103475.75 ; 6090.28
add ; 545 ; 195995.48 ; 281251.93 ; 54815.26
ade ; 1126 ; 200293.53 ; 357081.39 ; 63069.14
adf ; 601 ; 162912.6 ; 279641.76 ; 138609.82
adg ; 530 ; 53091.08 ; 119982.05 ; 101619.7
adh ; 768 ; 312084.19 ; 367851.65 ; 281086.57
adi ; 1051 ; 184824.44 ; 392950.71 ; 326716.56
adj ; 532 ; 20778.24 ; 306408.4 ; 133504.97
adk ; 632 ; 340270.34 ; 39492.96 ; 198490.44
adl ; 686 ; 227389.36 ; 277574.6 ; 390786.34
adm ; 737 ; 291907.76 ; 396702.44 ; 329299.33
adn ; 652 ; 274145.71 ; 122681.25 ; 324550.54
ado ; 583 ; 324882.94 ; 191671.45 ; 176448.18
adp ; 1174 ; 30576.8 ; 204946.28 ; 341363.37
adq ; 780 ; 53780.73 ; 392801.73 ; 86790.54
adr ; 1149 ; 381856.17 ; 5754.13 ; 47971.06
ads ; 880 ; 337525.98 ; 157759.47 ; 104774.35
adt ; 689 ; 314539.12 ; 351535.21 ; 20533.58
adu ; 133 ; 26729.75 ; 289302.59 ; 201879.35
adv ; 805 ; 63764.32 ; 63595.39 ; 3067.71
adw ; 577 ; 343410.34 ; 229207.97 ; 332565.3
adx ; 141 ; 126493.02 ; 109507.65 ; 363990.43
ady ; 648 ; 398125.97 ; 307439.42 ; 155411.03
adz ; 736 ; 30042.33 ; 131058.13 ; 365245.15
aea ; 418 ; 101185.44 ; 132002.64 ; 257976.51
aeb ; 198 ; 268379.68 ; 157527.09 ; 153172.49
aec ; 605 ; 299744.66 ; 324984.18 ; 331689.02
aed ; 979 ; 93933.1 ; 138566.29 ; 333489.93
aee ; 202 ; 133767.89 ; 347765.7 ; 47587.86
aef ; 535 ; 263794.41 ; 325833.65 ; 385886.34
aeg ; 1159 ; 191227.34 ; 297307.77 ; 232341.23
aeh ; 1123 ; 302984.74 ; 380727.03 ; 167812.73
aei ; 359 ; 168523.98 ; 74254.87 ; 98219.14
aej ; 830 ; 184189.65 ; 351792.93 ; 96515.24
aek ; 703 ; 392817.64 ; 70545.04 ; 121175.0
ael ; 215 ; 107790.34 ; 367583.78 ; 103383.94
aem ; 573 ; 372194.94 ; 342368.37 ; 28548.15
aen ; 140 ; 75018.29 ; 290451.89 ; 45981.0
aeo ; 87 ; 164829.12 ; 77069.66 ; 333375.09
aep ; 683 ; 144347.35 ; 266034.07 ; 338599.16
aeq ; 556 ; 118246.6 ; 301836.79 ; 244512.38
aer ; 265 ; 84695.79 ; 295100.2 ; 284932.99
aes ; 173 ; 287487.45 ; 20867.16 ; 193921.29
aet ; 36 ; 277903.2 ; 357783.82 ; 277545.81
aeu ; 1042 ; 47702.6 ; 105530.73 ; 332652.73
aev ; 428 ; 65578.64 ; 66547.36 ; 31127.79
aew ; 989 ; 178781.03 ; 241773.55 ; 394142.94
aex ; 45 ; 202748.5 ; 361124.26 ; 82277.68
aey ; 183 ; 375995.18 ; 13638.51 ; 232436.97
aez ; 255 ; 326173.2 ; 68189.64 ; 52614.95
afa ; 523 ; 14928.46 ; 307065.46 ; 185957.9
afb ; 740 ; 78340.16 ; 87978.84 ; 36488.0
afc ; 1034 ; 48935.12 ; 140493.62 ; 10168.58
afd ; 199 ; 35074.87 ; 100852.0 ; 237846.61
afe ; 596 ; 103421.73 ; 31257.25 ; 242079.9
aff ; 497 ; 179285.08 ; 215825.84 ; 198950.26
afg ; 65 ; 282543.73 ; 312262.68 ; 84911.1
afh ; 251 ; 127220.32 ; 37098.81 ; 103051.18
afi ; 456 ; 165031.08 ; 344239.38 ; 282463.69
afj ; 268 ; 316271.38 ; 52205.39 ; 287833.07
afk ; 1002 ; 377087.06 ; 352696.4 ; 340411.83
afl ; 210 ; 119962.81 ; 29412.8 ; 303313.04
afm ; 936 ; 143986.61 ; 282986.81 ; 206725.01
afn ; 874 ; 255054.21 ; 205594.4 ; 156095.88
afo ; 581 ; 132070.36 ; 151539.9 ; 299503.23
afp ; 212 ; 108023.13 ; 232574.44 ; 334915.63
afq ; 91 ; 32822.79 ; 241959.21 ; 72942.74
afr ; 250 ; 390573.01 ; 32102.6 ; 150133.76
afs ; 341 ; 247293.13 ; 272222.75 ; 32741.03
aft ; 369 ; 237068.34 ; 108577.71 ; 26278.7
afu ; 1100 ; 391409.65 ; 160010.44 ; 65602.42
afv ; 49 ; 176879.5 ; 142779.6 ; 261353.3
afw ; 1143 ; 121815.41 ; 367367.61 ; 61739.49
afx ; 896 ; 75637.0 ; 45312.27 ; 229770.67
afy ; 617 ; 204253.23 ; 367557.99 ; 22007.2
afz ; 300 ; 387722.81 ; 349817.23 ; 257003.9
aga ; 272 ; 59276.12 ; 42735.24 ; 290557.98
agb ; 66 ; 356446.97 ; 261280.12 ; 32393.51
agc ; 534 ; 78642.29 ; 131675.45 ; 1989.0
agd ; 492 ; 332916.59 ; 116124.46 ; 177328.72
age ; 7 ; 195705.52 ; 193726.3 ; 39298.71
agf ; 104 ; 14043.31 ; 272499.26 ; 380161.26
agg ; 436 ; 205501.96 ; 217116.32 ; 118343.67
agh ; 644 ; 34020.33 ; 299748.4 ; 184842.11
agi ; 732 ; 281596.12 ; 164559.96 ; 335572.27
agj ; 765 ; 350873.42 ; 316459.6 ; 13276.89
agk ; 1094 ; 17211.52 ; 353934.46 ; 80346.49
agl ; 956 ; 245151.25 ; 226896.97 ; 262646.54
agm ; 877 ; 189188.69 ; 282628.68 ; 132654.25
agn ; 1122 ; 362558.9 ; 333440.83 ; 95025.59
ago ; 233 ; 27828.89 ; 278286.24 ; 26383.37
agp ; 644 ; 231740.34 ; 20372.66 ; 300031.12
agq ; 1068 ; 231695.49 ; 210031.6 ; 60589.46
agr ; 735 ; 315970.34 ; 260959.46 ; 170895.4
ags ; 643 ; 206114.4 ; 113455.92 ; 81738.47
agt ; 916 ; 301235.13 ; 138377.59 ; 395535.16
agu ; 1050 ; 159646.38 ; 63458.54 ; 141164.22
agv ; 780 ; 372078.35 ; 159331.3 ; 392262.65
agw ; 53 ; 291005.19 ; 272824.97 ; 155664.4
agx ; 538 ; 241852.12 ; 239705.84 ; 289347.22
agy ; 502 ; 81896.63 ; 293064.83 ; 341847.84
agz ; 645 ; 60623.45 ; 353348.5 ; 16138.49
aha ; 324 ; 110090.93 ; 10961.55 ; 229457.61
ahb ; 129 ; 142163.21 ; 64507.71 ; 148423.36
ahc ; 682 ; 187277.05 ; 124915.19 ; 128786.28
ahd ; 694 ; 292653.49 ; 34824.23 ; 221099.84
ahe ; 308 ; 66449.11 ; 121874.54 ; 185244.05
ahf ; 37 ; 129861.38 ; 316401.22 ; 12062.4
ahg ; 1110 ; 197345.31 ; 22882.05 ; 43976.36
ahh ; 1084 ; 177610.84 ; 96629.48 ; 202816.57
ahi ; 73 ; 61028.62 ; 57009.77 ; 233315.1
ahj ; 212 ; 260086.41 ; 144670.91 ; 360805.93
ahk ; 783 ; 383214.7 ; 309735.51 ; 66560.61
ahl ; 450 ; 337815.81 ; 352482.96 ; 817.6
ahm ; 148 ; 5496.55 ; 78085.34 ; 95867.9
ahn ; 458 ; 303186.46 ; 328639.41 ; 184198.02
aho ; 290 ; 27323.27 ; 209037.48 ; 321186.53
ahp ; 128 ; 384597.45 ; 214345.72 ; 93159.66
ahq ; 441 ; 75896.12 ; 72202.83 ; 176347.2
ahr ; 1004 ; 311988.82 ; 215890.51 ; 192853.99
ahs ; 296 ; 91561.89 ; 376151.5 ; 280761.88
aht ; 713 ; 354651.31 ; 193399.48 ; 188068.27
ahu ; 383 ; 325069.77 ; 86653.66 ; 391525.85
ahv ; 825 ; 102162.02 ; 74314.13 ; 390131.64
ahw ; 1122 ; 333410.23 ; 170096.59 ; 274199.0
ahx ; 301 ; 102572.71 ; 389102.69 ; 347072.8
ahy ; 1000 ; 257681.44 ; 178540.01 ; 21137.42
ahz ; 960 ; 31603.0 ; 198454.29 ; 338200.09
aia ; 93 ; 121012.61 ; 130926.55 ; 167131.77
aib ; 456 ; 319481.66 ; 393447.19 ; 248488.05
aic ; 847 ; 79881.61 ; 266542.57 ; 371292.1
aid ; 75 ; 145494.74 ; 277839.65 ; 362164.55
aie ; 676 ; 66570.5 ; 338018.86 ; 393638.84
aif ; 232 ; 282271.46 ; 82242.83 ; 312297.68
aig ; 832 ; 72030.41 ; 378328.68 ; 84211.64
aih ; 343 ; 284889.43 ; 137886.98 ; 94663.05
aii ; 57 ; 372767.7 ; 342195.53 ; 213313.83
aij ; 1176 ; 291230.04 ; 173639.03 ; 189248.5
aik ; 429 ; 164600.86 ; 399553.2 ; 365416.7
ail ; 77 ; 48458.2 ; 272404.79 ; 340113.73
aim ; 695 ; 162826.67 ; 375908.05 ; 21545.79
ain ; 975 ; 65329.06 ; 189231.48 ; 303784.52
aio ; 1071 ; 26739.08 ; 223805.23 ; 152942.86
aip ; 856 ; 241862.8 ; 320933.39 ; 52757.65
aiq ; 83 ; 365204.22 ; 237520.9 ; 215474.56
air ; 1151 ; 28216.25 ; 370935.24 ; 368813.72
ais ; 240 ; 250228.65 ; 74155.49 ; 373453.55
ait ; 423 ; 298983.95 ; 59296.75 ; 363381.56
aiu ; 631 ; 152049.57 ; 236422.67 ; 260172.72
aiv ; 508 ; 334153.56 ; 199221.94 ; 80743.53
aiw ; 190 ; 251532.43 ; 151057.05 ; 14805.78
aix ; 900 ; 385294.84 ; 313498.87 ; 126163.55
aiy ; 216 ; 315107.58 ; 14240.71 ; 111260.24
aiz ; 1044 ; 85026.81 ; 384590.92 ; 288746.2
aja ; 571 ; 303591.45 ; 77861.84 ; 210992.87
ajb ; 378 ; 317083.13 ; 161985.09 ; 213175.22
ajc ; 773 ; 236438.88 ; 273661.9 ; 268516.14
ajd ; 280 ; 122989.65 ; 306515.46 ; 371036.37
aje ; 138 ; 212985.44 ; 135282.76 ; 163695.53
ajf ; 752 ; 396534.09 ; 19400.59 ; 310809.33
ajg ; 331 ; 60280.45 ; 50080.49 ; 356481.76
ajh ; 438 ; 301918.12 ; 199422.02 ; 250775.09
aji ; 841 ; 342272.36 ; 344373.51 ; 156455.98
ajj ; 606 ; 353950.3 ; 395831.9 ; 139383.24
ajk ; 129 ; 360966.73 ; 167936.46 ; 200482.3
ajl ; 916 ; 283442.51 ; 53373.74 ; 28836.35
ajm ; 315 ; 7012.93 ; 235563.1 ; 363571.41
ajn ; 879 ; 206748.18 ; 171326.61 ; 139974.39
ajo ; 27 ; 143758.95 ; 82719.6 ; 75263.4
ajp ; 910 ; 370005.02 ; 19109.45 ; 89006.86
ajq ; 447 ; 10223.85 ; 310544.63 ; 27500.94
ajr ; 1099 ; 299064.81 ; 397579.92 ; 29446.81
ajs ; 235 ; 45032.57 ; 143143.02 ; 245952.61
ajt ; 1000 ; 160900.27 ; 35121.41 ; 363053.81
aju ; 31 ; 211211.47 ; 82305.46 ; 218496.39
ajv ; 824 ; 63283.73 ; 264524.23 ; 296262.83
ajw ; 176 ; 339897.87 ; 110844.28 ; 251238.49
ajx ; 138 ; 370351.05 ; 189582.69 ; 321748.92
ajy ; 81 ; 365295.97 ; 208696.52 ; 371670.71
ajz ; 289 ; 312030.44 ; 271290.06 ; 162225.14
aka ; 723 ; 210647.99 ; 10252.03 ; 202998.88
akb ; 995 ; 178029.72 ; 13335.09 ; 323713.63
akc ; 802 ; 259086.98 ; 8934.89 ; 179917.34
akd ; 689 ; 181445.69 ; 43602.75 ; 165380.24
ake ; 369 ; 96966.53 ; 258089.29 ; 212923.43
akf ; 533 ; 299737.98 ; 250166.47 ; 361178.17
akg ; 272 ; 312615.14 ; 166606.79 ; 286354.64
akh ; 1079 ; 105643.8 ; 270855.53 ; 286276.39
aki ; 890 ; 162626.02 ; 140836.54 ; 399118.7
akj ; 102 ; 289857.46 ; 346477.41 ; 315699.51
akk ; 525 ; 102888.45 ; 129484.47 ; 350099.5
akl ; 310 ; 135284.99 ; 148992.64 ; 315173.53
akm ; 726 ; 373368.12 ; 305155.85 ; 165375.58
akn ; 1166 ; 178210.98 ; 25374.57 ; 216736.47
ako ; 822 ; 236533.8 ; 57825.64 ; 357424.61
akp ; 762 ; 214693.39 ; 70281.32 ; 59632.42
akq ; 307 ; 117320.43 ; 266643.36 ; 309750.62
akr ; 1004 ; 262656.15 ; 77151.66 ; 239317.09
aks ; 963 ; 167345.34 ; 383316.52 ; 357204.54
akt ; 917 ; 229850.26 ; 187453.78 ; 226392.62
aku ; 422 ; 138510.53 ; 202232.42 ; 109637.79
akv ; 1142 ; 352775.33 ; 334538.22 ; 223396.6
akw ; 925 ; 214897.29 ; 208079.17 ; 178272.79
akx ; 324 ; 212706.82 ; 258082.23 ; 279342.15
aky ; 143 ; 1695.36 ; 216550.81 ; 41297.54
akz ; 176 ; 186247.98 ; 275710.35 ; 236965.86
ala ; 1061 ; 71094.99 ; 327300.28 ; 371846.43
alb ; 652 ; 156826.67 ; 255759.48 ; 130687.93
alc ; 659 ; 300728.88 ; 319140.78 ; 237372.42
ald ; 774 ; 91.8 ; 82756.27 ; 264729.79
ale ; 890 ; 99716.79 ; 361500.54 ; 210260.65
alf ; 839 ; 236049.73 ; 240464.9 ; 205221.87
alg ; 948 ; 69242.17 ; 100460.52 ; 17296.16
alh ; 1110 ; 112746.7 ; 385826.58 ; 67904.32
ali ; 114 ; 172619.74 ; 293557.72 ; 52085.12
alj ; 1009 ; 248597.85 ; 136801.52 ; 198423.94
alk ; 138 ; 188071.47 ; 155865.38 ; 141718.52
all ; 324 ; 209775.54 ; 100074.65 ; 283748.7
alm ; 187 ; 208621.22 ; 37740.8 ; 307005.94
aln ; 369 ; 370741.69 ; 106551.35 ; 373410.86
alo ; 381 ; 210348.89 ; 131402.2 ; 371028.99
alp ; 651 ; 398945.25 ; 318125.88 ; 343235.45
alq ; 996 ; 32519.33 ; 259074.57 ; 80137.27
alr ; 351 ; 284242.85 ; 296020.06 ; 18614.45
als ; 859 ; 17363.08 ; 113062.41 ; 327921.9
alt ; 741 ; 373908.31 ; 31094.68 ; 115525.22
alu ; 799 ; 247938.87 ; 254206.88 ; 363333.09
alv ; 343 ; 76899.78 ; 376403.38 ; 277048.06
alw ; 457 ; 156775.75 ; 373983.49 ; 339631.76
alx ; 444 ; 395224.3 ; 263561.05 ; 280819.57
aly ; 1018 ; 316760.4 ; 70674.11 ; 58676.97
alz ; 260 ; 345700.39 ; 126.52 ; 158522.88
ama ; 686 ; 342623.93 ; 106555.89 ; 337379.11
amb ; 547 ; 305937.5 ; 160359.54 ; 84354.98
amc ; 440 ; 313003.5 ; 104021.32 ; 172463.7
amd ; 505 ; 119336.49 ; 329803.0 ; 19082.3
ame ; 1094 ; 38843.51 ; 51870.97 ; 100426.12
amf ; 902 ; 220167.97 ; 152890.2 ; 288166.7
amg ; 1033 ; 89510.17 ; 387083.19 ; 375564.21
amh ; 1044 ; 85609.62 ; 66679.45 ; 56200.11
ami ; 390 ; 377995.87 ; 18868.31 ; 248562.81
amj ; 1112 ; 60206.64 ; 217007.48 ; 10814.04
amk ; 245 ; 41180.9 ; 3100.0 ; 258332.22
aml ; 734 ; 125742.69 ; 58924.73 ; 79720.36
amm ; 262 ; 140696.02 ; 146186.54 ; 131282.6
amn ; 816 ; 246944.89 ; 33053.85 ; 326562.9
amo ; 1029 ; 34686.16 ; 174680.71 ; 299307.47
amp ; 463 ; 243369.82 ; 347946.27 ; 264533.55
amq ; 641 ; 311005.51 ; 126333.75 ; 68725.31
amr ; 365 ; 335344.24 ; 74240.2 ; 331020.47
ams ; 27 ; 106368.46 ; 261313.53 ; 287145.61
amt ; 787 ; 51626.72 ; 360862.0 ; 354665.02
amu ; 675 ; 17474.25 ; 364760.45 ; 200987.93
amv ; 1052 ; 203748.66 ; 323952.43 ; 312555.13
amw ; 86 ; 256630.55 ; 195878.88 ; 193365.4
amx ; 76 ; 161623.98 ; 152025.99 ; 283893.98
amy ; 768 ; 379929.47 ; 222033.3 ; 261849.98
amz ; 1005 ; 6942.97 ; 378994.27 ; 178246.02
ana ; 30 ; 71754.15 ; 352929.88 ; 254983.72
anb ; 32 ; 217087.34 ; 210305.21 ; 359187.13
anc ; 1054 ; 355277.77 ; 209823.35 ; 216695.65
and ; 1029 ; 216975.68 ; 156178.81 ; 334824.86
ane ; 1044 ; 77069.03 ; 172331.34 ; 19822.35
anf ; 864 ; 182387.07 ; 92554.78 ; 144732.44
ang ; 1134 ; 376646.85 ; 307278.67 ; 185246.17
anh ; 665 ; 306927.06 ; 100279.01 ; 234279.7
ani ; 1022 ; 214552.07 ; 103073.12 ; 391299.35
anj ; 605 ; 291810.93 ; 140002.15 ; 58074.85
ank ; 647 ; 152896.03 ; 314419.63 ; 67000.18
anl ; 1101 ; 186096.77 ; 394315.24 ; 66101.26
anm ; 295 ; 3903.79 ; 306566.69 ; 165585.43
ann ; 642 ; 334352.89 ; 345086.69 ; 311978.29
ano ; 373 ; 8037.78 ; 17366.58 ; 239968.48
anp ; 1171 ; 268674.01 ; 56612.63 ; 357733.13
anq ; 1083 ; 90647.07 ; 151055.54 ; 255043.76
anr ; 1015 ; 60321.5 ; 279936.75 ; 291317.21
ans ; 108 ; 224544.04 ; 268197.44 ; 211931.17
ant ; 354 ; 285577.12 ; 115279.09 ; 189605.81
anu ; 673 ; 265311.67 ; 72782.81 ; 126492.27
anv ; 74 ; 12536.88 ; 175150.47 ; 184947.25
anw ; 759 ; 239488.63 ; 251999.42 ; 91664.1
anx ; 1108 ; 192262.86 ; 201296.77 ; 373485.39
any ; 256 ; 364153.27 ; 270751.01 ; 164173.99
anz ; 718 ; 323004.99 ; 242972.29 ; 48475.72
aoa ; 291 ; 258247.37 ; 129879.97 ; 326984.88
aob ; 772 ; 123298.75 ; 159812.37 ; 209651.48
aoc ; 862 ; 208067.35 ; 246250.2 ; 341869.21
aod ; 774 ; 345775.31 ; 240481.62 ; 4285.17
aoe ; 637 ; 162013.1 ; 154527.39 ; 212902.33
aof ; 578 ; 261354.1 ; 175088.39 ; 335680.66
aog ; 355 ; 262274.08 ; 74569.64 ; 53743.36
aoh ; 127 ; 38114.08 ; 78146.44 ; 296541.26
aoi ; 966 ; 243046.06 ; 393472.57 ; 54230.0
aoj ; 1065 ; 168158.07 ; 243455.16 ; 362255.47
aok ; 30 ; 90559.0 ; 294685.43 ; 90327.92
aol ; 869 ; 162637.32 ; 133761.93 ; 146918.72
aom ; 621 ; 131457.4 ; 281820.41 ; 399418.18
aon ; 137 ; 309760.69 ; 375401.42 ; 263569.08
aoo ; 200 ; 373454.45 ; 72316.04 ; 259164.97
aop ; 246 ; 291611.74 ; 106646.21 ; 27930.5
aoq ; 358 ; 127332.91 ; 36535.48 ; 347922.57
aor ; 1123 ; 189800.91 ; 235680.75 ; 169304.65
aos ; 64 ; 27140.68 ; 169771.31 ; 308892.36
aot ; 36 ; 65377.34 ; 111616.4 ; 187496.08
aou ; 1131 ; 380270.98 ; 17699.91 ; 143120.71
aov ; 398 ; 323039.43 ; 83004.12 ; 356829.85
aow ; 678 ; 360361.5 ; 21111.86 ; 96036.26
aox ; 517 ; 164895.92 ; 286542.3 ; 237975.88
aoy ; 322 ; 331943.83 ; 277698.55 ; 171489.31
aoz ; 1122 ; 162505.86 ; 127442.36 ; 323360.22
apa ; 338 ; 331171.9 ; 77285.05 ; 171754.99
apb ; 693 ; 184879.75 ; 87262.62 ; 399282.29
apc ; 150 ; 343451.85 ; 221026.76 ; 362729.19
apd ; 577 ; 272973.21 ; 289596.37 ; 322383.18
ape ; 848 ; 345261.03 ; 198623.65 ; 287896.79
apf ; 50 ; 35005.62 ; 170725.27 ; 33588.23
apg ; 1018 ; 263389.25 ; 216293.49 ; 271598.3
aph ; 801 ; 19992.08 ; 120699.79 ; 113747.98
api ; 836 ; 67863.96 ; 36510.96 ; 383447.76
apj ; 41 ; 106294.45 ; 99425.07 ; 214295.9
apk ; 117 ; 77460.14 ; 308375.63 ; 68330.53
apl ; 780 ; 142796.79 ; 197403.31 ; 135975.85
apm ; 236 ; 153770.71 ; 116795.23 ; 319067.99
apn ; 381 ; 364807.46 ; 88881.59 ; 226666.83
apo ; 977 ; 50313.05 ; 222717.79 ; 81450.79
app ; 1093 ; 369048.56 ; 232898.26 ; 283977.56
apq ; 361 ; 272774.73 ; 151662.59 ; 207451.01
apr ; 413 ; 263039.86 ; 56072.5 ; 109719.98
aps ; 78 ; 32251.28 ; 80535.11 ; 339829.44
apt ; 524 ; 384220.71 ; 140251.12 ; 336487.35
apu ; 829 ; 286777.51 ; 262296.62 ; 192141.35
apv ; 604 ; 87448.82 ; 203330.64 ; 80077.47
apw ; 802 ; 174210.28 ; 47905.93 ; 388464.82
apx ; 1140 ; 97057.16 ; 56477.3 ; 310178.37
apy ; 1038 ; 178898.45 ; 314488.87 ; 8130.36
apz ; 921 ; 155269.7 ; 246089.06 ; 191954.6
aqa ; 814 ; 94409.24 ; 225768.47 ; 122256.57
aqb ; 461 ; 205889.55 ; 130855.81 ; 250194.12
aqc ; 839 ; 165122.25 ; 276443.2 ; 398046.65
aqd ; 413 ; 118800.95 ; 247931.32 ; 275311.48
aqe ; 441 ; 14434.71 ; 387034.11 ; 117536.39
aqf ; 401 ; 296045.89 ; 337763.89 ; 273013.5
aqg ; 106 ; 198829.88 ; 358705.84 ; 351965.09
aqh ; 583 ; 53496.84 ; 396851.4 ; 249772.79
aqi ; 633 ; 302689.71 ; 197411.84 ; 385326.71
aqj ; 986 ; 292145.22 ; 340634.13 ; 207974.42
aqk ; 696 ; 93930.39 ; 94290.65 ; 185882.58
aql ; 436 ; 40965.68 ; 248041.84 ; 5993.07
aqm ; 495 ; 187180.79 ; 195618.99 ; 312776.78
aqn ; 1133 ; 233863.99 ; 369161.29 ; 284798.95
aqo ; 961 ; 319248.83 ; 140779.58 ; 26553.15
aqp ; 960 ; 328888.99 ; 259826.13 ; 89297.48
aqq ; 922 ; 44068.45 ; 163557.85 ; 232382.14
aqr ; 327 ; 15775.78 ; 235717.88 ; 274291.4
aqs ; 460 ; 190096.13 ; 234806.31 ; 222459.54
aqt ; 1112 ; 148993.26 ; 167461.86 ; 273024.05
aqu ; 464 ; 383442.61 ; 204495.72 ; 5443.54
aqv ; 854 ; 223583.66 ; 114307.07 ; 374475.23
aqw ; 34 ; 296965.09 ; 30966.4 ; 198235.06
aqx ; 725 ; 6340.46 ; 376586.39 ; 41558.1
aqy ; 681 ; 347450.18 ; 77296.63 ; 177141.11
aqz ; 719 ; 70196.26 ; 65357.79 ; 39340.51
ara ; 465 ; 187476.17 ; 218934.69 ; 303909.36
arb ; 963 ; 80748.51 ; 285162.51 ; 145624.6
arc ; 478 ; 177555.49 ; 317673.51 ; 113481.22
ard ; 708 ; 314360.07 ; 317577.93 ; 363840.47
are ; 632 ; 189634.57 ; 12601.75 ; 195012.8
arf ; 556 ; 287236.88 ; 122465.32 ; 35532.51
arg ; 850 ; 179849.71 ; 371524.31 ; 22951.99
arh ; 32 ; 295948.47 ; 76208.44 ; 326641.64
ari ; 19 ; 284560.7 ; 239475.41 ; 133167.96
arj ; 729 ; 133875.18 ; 398537.85 ; 255904.94
ark ; 262 ; 236159.76 ; 49095.77 ; 146202.2
arl ; 676 ; 366063.41 ; 330977.73 ; 343770.16
arm ; 476 ; 218146.33 ; 64688.64 ; 82678.44
arn ; 575 ; 58304.99 ; 227309.83 ; 29150.14
aro ; 150 ; 131966.61 ; 226423.39 ; 396026.21
arp ; 556 ; 254258.49 ; 172828.56 ; 56763.73
arq ; 798 ; 138338.71 ; 361439.98 ; 9213.97
arr ; 799 ; 108374.72 ; 304136.09 ; 371484.57
ars ; 349 ; 227719.89 ; 49623.64 ; 188847.94
art ; 1031 ; 343176.1 ; 360760.43 ; 32002.08
aru ; 904 ; 219940.93 ; 247070.19 ; 218359.47
arv ; 784 ; 186167.99 ; 370741.06 ; 142387.3
arw ; 1123 ; 246684.27 ; 342996.15 ; 369630.81
arx ; 754 ; 208114.93 ; 353663.03 ; 105061.47
ary ; 1066 ; 66565.76 ; 11944.86 ; 938.71
arz ; 552 ; 217609.35 ; 299684.58 ; 229755.04
asa ; 757 ; 40233.37 ; 168847.08 ; 280537.84
asb ; 57 ; 75626.99 ; 275947.44 ; 240319.54
asc ; 918 ; 251369.56 ; 276326.64 ; 234255.41
asd ; 823 ; 371885.1 ; 179614.26 ; 191205.53
ase ; 826 ; 105823.83 ; 108660.3 ; 358933.7
asf ; 399 ; 152745.94 ; 118225.65 ; 354898.25
asg ; 678 ; 170063.01 ; 198415.81 ; 128514.9
ash ; 428 ; 190825.97 ; 102723.44 ; 318464.74
asi ; 762 ; 381424.65 ; 58177.3 ; 325486.57
asj ; 513 ; 202118.1 ; 188437.51 ; 121401.54
ask ; 575 ; 315719.65 ; 239290.03 ; 234127.12
asl ; 176 ; 226782.28 ; 2064.83 ; 18061.53
asm ; 1038 ; 135249.9 ; 5131.04 ; 274304.32
asn ; 1086 ; 25607.94 ; 318172.84 ; 256452.2
aso ; 166 ; 35238.44 ; 95813.33 ; 224298.19
asp ; 432 ; 380351.5 ; 49019.37 ; 321377.62
asq ; 989 ; 203336.21 ; 110797.58 ; 138596.55
asr ; 370 ; 341501.74 ; 102705.23 ; 233831.48
ass ; 1028 ; 176574.65 ; 19961.49 ; 78613.42
ast ; 822 ; 97106.24 ; 167959.25 ; 354181.66
asu ; 11 ; 70724.62 ; 232204.85 ; 373320.25
asv ; 918 ; 322509.51 ; 246730.02 ; 223704.25
asw ; 1013 ; 397773.21 ; 38404.29 ; 59823.37
asx ; 896 ; 14315.08 ; 263292.35 ; 335785.95
asy ; 198 ; 235485.22 ; 59730.66 ; 245914.84
asz ; 818 ; 353053.62 ; 152776.82 ; 366782.23
ata ; 882 ; 35444.75 ; 53200.19 ; 30930.25
atb ; 695 ; 200522.72 ; 232017.36 ; 333460.28
atc ; 959 ; 80326.91 ; 101203.28 ; 246263.69
atd ; 234 ; 159442.79 ; 280426.47 ; 23925.7
ate ; 609 ; 330767.49 ; 135859.37 ; 263842.4
atf ; 796 ; 143407.67 ; 64643.9 ; 192688.43
atg ; 1159 ; 96644.78 ; 337064.53 ; 255382.62
ath ; 1132 ; 167249.89 ; 271955.52 ; 335454.4
ati ; 435 ; 303332.09 ; 264454.88 ; 9241.03
atj ; 746 ; 291988.83 ; 334777.19 ; 279476.46
atk ; 67 ; 198090.14 ; 54520.93 ; 62241.35
atl ; 520 ; 97049.04 ; 153421.82 ; 79516.06
atm ; 919 ; 272169.22 ; 156428.52 ; 97538.27
atn ; 761 ; 19800.17 ; 247312.7 ; 46457.8
ato ; 259 ; 351020.53 ; 82901.52 ; 242678.17
atp ; 238 ; 359994.18 ; 63362.03 ; 137496.02
atq ; 468 ; 304704.35 ; 147764.22 ; 236857.98
atr ; 1001 ; 390607.37 ; 220574.68 ; 221405.04
ats ; 243 ; 258210.71 ; 107077.33 ; 121245.01
att ; 417 ; 132908.71 ; 31625.75 ; 165581.08
atu ; 295 ; 51501.75 ; 131372.84 ; 16442.94
atv ; 974 ; 105495.28 ; 146719.02 ; 253717.25
atw ; 519 ; 33945.58 ; 182432.3 ; 316609.79
atx ; 668 ; 97329.84 ; 195551.6 ; 80653.81
aty ; 147 ; 151702.71 ; 69879.92 ; 396199.77
atz ; 905 ; 31731.71 ; 212100.39 ; 179142.48
aua ; 715 ; 231393.45 ; 152484.13 ; 141545.62
aub ; 99 ; 216590.98 ; 205890.51 ; 57473.09
auc ; 517 ; 20937.55 ; 330765.34 ; 126873.21
aud ; 534 ; 114760.83 ; 71519.78 ; 42773.34
aue ; 323 ; 59975.26 ; 211404.13 ; 333090.07
auf ; 938 ; 34781.96 ; 202775.05 ; 298410.46
aug ; 645 ; 298998.65 ; 184963.0 ; 236814.99
auh ; 419 ; 127950.15 ; 118183.95 ; 208369.89
aui ; 844 ; 71409.17 ; 53279.29 ; 118111.04
auj ; 964 ; 371282.3 ; 362797.95 ; 248849.14
auk ; 191 ; 283689.26 ; 192388.81 ; 392884.21
aul ; 209 ; 397450.13 ; 350371.38 ; 255871.88
aum ; 451 ; 348615.23 ; 43034.48 ; 121865.23
aun ; 97 ; 15558.84 ; 75175.97 ; 211402.0
auo ; 438 ; 273661.77 ; 118988.39 ; 225294.63
aup ; 897 ; 140666.9 ; 370178.0 ; 393206.17
auq ; 1037 ; 279014.84 ; 58887.45 ; 96668.49
aur ; 899 ; 47395.61 ; 238833.15 ; 123271.14
aus ; 1003 ; 344256.0 ; 177018.34 ; 99130.2
aut ; 137 ; 83987.54 ; 92962.28 ; 19958.36
auu ; 333 ; 25225.74 ; 36272.34 ; 216979.22
auv ; 1144 ; 365476.88 ; 131025.63 ; 289035.64
auw ; 830 ; 72714.99 ; 303246.05 ; 226531.56
aux ; 84 ; 97991.39 ; 282533.67 ; 187564.07
auy ; 805 ; 348508.14 ; 33534.61 ; 61367.9
auz ; 468 ; 375573.39 ; 165487.63 ; 291700.96
ava ; 503 ; 47768.36 ; 295837.03 ; 355395.74
avb ; 776 ; 354474.27 ; 306569.58 ; 329618.99
avc ; 474 ; 326506.75 ; 224094.36 ; 70419.89
avd ; 472 ; 5170.34 ; 134353.72 ; 282724.44
ave ; 768 ; 4459.42 ; 36903.28 ; 250332.1
avf ; 890 ; 262211.88 ; 284426.3 ; 352912.13
avg ; 961 ; 322519.64 ; 40679.93 ; 218527.92
avh ; 731 ; 90794.12 ; 264960.04 ; 183151.42
avi ; 392 ; 44345.2 ; 61728.81 ; 370680.53
avj ; 864 ; 94630.48 ; 70828.83 ; 19064.15
avk ; 428 ; 215597.44 ; 363317.35 ; 299775.31
avl ; 249 ; 307671.06 ; 365690.03 ; 13319.44
avm ; 838 ; 211490.15 ; 73449.46 ; 98432.17
avn ; 55 ; 192910.24 ; 109204.23 ; 216020.49
avo ; 220 ; 30563.87 ; 11205.38 ; 76688.72
avp ; 1167 ; 108631.58 ; 296008.7 ; 109843.77
avq ; 521 ; 46387.55 ; 333660.24 ; 28665.99
avr ; 316 ; 90158.36 ; 253465.24 ; 268218.78
avs ; 142 ; 226056.21 ; 135549.08 ; 271491.44
avt ; 336 ; 332268.16 ; 88404.03 ; 196649.77
avu ; 194 ; 203565.5 ; 358270.13 ; 250607.56
avv ; 867 ; 185222.62 ; 357306.92 ; 31652.41
avw ; 846 ; 112537.83 ; 154028.31 ; 364841.91
avx ; 43 ; 308346.39 ; 11988.82 ; 110326.13
avy ; 949 ; 224438.86 ; 258613.16 ; 104511.49
455, 1044, 52, 29, 1146, 761, 672, 821, 1166, 803, 368, 948, 355, 1167, 467, 651, 813, 142, 66, 468, 512, 326, 338, 232, 698, 644, 1101, 992, 181, 556, 878, 1025, 1034, 135, 305, 819, 842, 424, 55, 529, 1105, 865, 1159, 266, 309, 422, 845, 1098, 1164, 274, 396, 1075, 950, 881, 451, 284, 320, 914, 417, 1031, 163, 263, 158, 869, 51, 596, 170, 670, 1110, 247, 910, 944, 876, 208, 416, 989, 189, 496, 103, 89, 177, 516, 824, 907, 901, 0, 734, 1145, 179, 957, 1095, 127, 1011, 1179, 1076, 300, 657, 1066, 278, 285, 350, 567, 578, 626, 781, 608, 513, 994, 390, 1083, 28, 1161, 334, 329, 1058, 704, 936, 34, 638, 321, 650, 1163, 337, 438, 523, 265, 541, 364, 449, 507, 1019, 98, 209, 148, 218, 306, 616, 887, 307, 162, 921, 254, 517, 851, 909, 1120, 79, 519, 1046, 439, 168, 381, 1017, 980, 715, 394, 5, 250, 972, 1014, 792, 298, 294, 22, 1, 431, 595, 806, 710, 1119, 862, 100, 895, 685, 721, 894, 160, 283, 763, 116, 610, 827, 13, 744, 495, 633, 112, 738, 1131, 585, 409, 167, 9, 219, 675, 483, 623, 680, 709, 1001, 687, 691, 74, 995, 807, 486, 549, 150, 282, 383, 1139, 766, 752, 216, 239, 258, 802, 484, 892, 273, 475, 196, 867, 16, 316, 1123, 1005, 724, 1081, 97, 1026, 256, 474, 464, 200, 613, 67, 38, 538, 255, 632, 749, 442, 848, 925, 373, 295, 323, 186, 139, 1049, 1002, 223, 943, 1079, 48, 94, 826, 454, 457, 340, 970, 115, 622, 1038, 7, 332, 50, 297, 244, 510, 875, 702, 426, 800, 705, 918, 482, 37, 956, 175, 649, 1121, 327, 437, 146, 314, 836, 1047, 884, 853, 211, 351, 700, 982, 228, 658, 868, 1069, 528, 583, 205, 647, 843, 963, 973, 1140, 481, 1091, 1036, 562, 830, 1153, 986, 660, 492, 238, 711, 6, 786, 1041, 171, 683, 498, 940, 815, 1028, 1089, 536, 663, 784, 841, 352, 618, 401, 101, 646, 466, 857, 251, 59, 147, 1086, 399, 367, 652, 1022, 155, 187, 760, 353, 1172, 1135, 125, 1021, 17, 713, 983, 554, 581, 107, 63, 812, 122, 676, 93, 727, 357, 1099, 976, 1118, 939, 714, 859, 31, 872, 271, 32, 656, 289, 335, 1063, 36, 58, 968, 919, 214, 941, 1122, 423, 1128, 215, 441, 506, 235, 220, 389, 1052, 681, 117, 231, 363, 443, 1165, 988, 877, 1059, 377, 1013, 345, 602, 1050, 156, 26, 299, 131, 669, 86, 154, 1109, 458, 241, 110, 185, 1090, 453, 540, 379, 433, 436, 609, 810, 275, 674, 500, 191, 397, 899, 1136, 149, 751, 723, 588, 137, 1067, 18, 252, 206, 874, 30, 461, 45, 722, 68, 493, 349, 1151, 291, 10, 882, 199, 1107, 445, 386, 759, 1008, 621, 450, 485, 14, 24, 769, 561, 582, 413, 472, 798, 1062, 720, 1125, 257, 634, 678, 850, 550, 790, 85, 286, 557, 597, 469, 1175, 742, 1074, 765, 985, 543, 310, 990, 369, 143, 1043, 276, 344, 816, 301, 804, 347, 524, 371, 264, 2, 336, 133, 942, 576, 83, 91, 931, 661, 41, 890, 1077, 141, 993, 1143, 1176, 435, 164, 370, 662, 40, 490, 978, 444, 574, 398, 664, 356, 789, 118, 1072, 920, 1174, 699, 395, 504, 915, 194, 234, 883, 480, 932, 21, 1148, 636, 771, 762, 237, 447, 692, 75, 463, 1000, 418, 312, 182, 745, 831, 998, 221, 104, 908, 1129, 132, 522, 846, 230, 611, 470, 328, 1132, 962, 619, 791, 591, 873, 1149, 979, 430, 896, 452, 82, 847, 192, 293, 111, 870, 799, 930, 706, 415, 1004, 697, 673, 1029, 325, 1114, 410, 655, 432, 96, 245, 1177, 342, 746, 630, 56, 544, 478, 900, 311, 259, 987, 248, 679, 584, 1007, 1061, 448, 645, 108, 1030, 303, 236, 741, 668, 129, 740, 935, 1094, 1015, 1180, 560, 145, 912, 743, 1053, 406, 502, 497, 138, 958, 1045, 774, 315, 1073, 518, 961, 15, 733, 1103, 823, 897, 731, 977, 888, 136, 866, 46, 829, 837, 477, 126, 764, 717, 537, 1070, 1020, 456, 580, 593, 72, 703, 568, 1085, 1156, 693, 113, 639, 767, 555, 928, 573, 730, 70, 535, 197, 348, 71, 308, 120, 267, 607, 87, 421, 620, 967, 822, 465, 617, 11, 1042, 90, 997, 564, 1158, 688, 641, 374, 169, 952, 548, 1084, 227, 825, 615, 346, 1142, 434, 696, 729, 520, 1170, 459, 757, 1032, 1160, 579, 1003, 1023, 188, 65, 534, 318, 1147, 530, 270, 1124, 268, 183, 879, 471, 119, 77, 854, 575, 1150, 84, 891, 635, 62, 1033, 726, 770, 971, 222, 838, 1117, 840, 1048, 559, 569, 1092, 281, 902, 589, 1169, 820, 640, 689, 604, 684, 1057, 210, 677, 195, 777, 1054, 991, 339, 1039, 627, 1108, 924, 922, 290, 885, 929, 934, 427, 20, 99, 999, 1016, 204, 1112, 906, 844, 1006, 775, 288, 1144, 172, 358, 225, 586, 1040, 376, 1009, 938, 625, 365, 412, 253, 302, 863, 114, 587, 330, 852
358, 385, 904, 1113, 55, 212, 732, 191, 666, 369, 105, 893, 1123, 1171, 787, 798, 1084, 841, 42, 563, 828, 74, 1137, 728, 311, 1026, 368, 524, 293, 627, 466, 558, 959, 681, 795, 786, 491, 354, 775, 953, 850, 1025, 713, 916, 331, 100, 269, 234, 411, 1046, 486, 742, 460, 605, 875, 428, 18, 1168, 193, 1066, 290, 805, 791, 665, 330, 326, 1034, 637, 574, 758, 827, 844, 473, 151, 219, 1163, 674, 659, 1035, 169, 140, 448, 430, 766, 899, 256, 254, 12, 194, 206, 1060, 250, 1028, 717, 677, 701, 1086, 476, 347, 434, 640, 894, 924, 804, 118, 422, 403, 954, 667, 407, 998, 196, 1112, 587, 1, 88, 545, 967, 1085, 420, 485, 81, 459, 960, 226, 128, 214, 499, 947, 548, 1174, 900, 573, 710, 1138, 236, 286, 656, 1069, 141, 680, 685, 1167, 917, 500, 790, 675, 1165, 23, 765, 84, 819, 831, 361, 913, 36, 106, 72, 698, 367, 553, 577, 283, 964, 825, 1001, 612, 802, 845, 898, 830, 406, 1127, 154, 890, 923, 1094, 192, 769, 4, 442, 1087, 349, 73, 800, 1092, 325, 162, 222, 171, 187, 38, 11, 57, 121, 315, 185, 927, 601, 1004, 388, 1178, 552, 706, 45, 644, 179, 93, 847, 632, 743, 230, 182, 992, 691, 543, 1119, 66, 609, 445, 435, 1172, 892, 824, 351, 295, 745, 227, 848, 307, 822, 897, 620, 882, 812, 332, 1117, 1080, 186, 1053, 492, 842, 988, 432, 156, 370, 20, 450, 139, 955, 770, 425, 177, 613, 693, 887, 440, 829, 114, 158, 985, 379, 109, 313, 785, 851, 591, 733, 494, 58, 880, 453, 756, 197, 846, 71, 614, 911, 834, 333, 393, 378, 918, 523, 289, 839, 1159, 1071, 292, 622, 700, 788, 957, 963, 971, 444, 27, 629, 323, 1023, 1157, 1068, 1147, 352, 1143, 1074, 809, 417, 863, 1078, 729, 213, 202, 1051, 540, 328, 560, 768, 143, 857, 297, 1019, 1020, 148, 669, 907, 39, 527, 1030, 1003, 431, 395, 35, 876, 1063, 888, 76, 90, 670, 567, 780, 1111, 806, 793, 726, 183, 1114, 30, 536, 397, 172, 377, 995, 603, 113, 1045, 915, 944, 424, 304, 725, 869, 943, 933, 576, 69, 730, 803, 673, 316, 707, 738, 165, 664, 994, 99, 1148, 578, 906, 811, 843, 784, 334, 695, 682, 740, 241, 599, 941, 446, 1032, 65, 649, 258, 426, 421, 381, 232, 1079, 364, 635, 239, 996, 623, 817, 934, 686, 374, 110, 1102, 838, 1173, 137, 59, 519, 1058, 203, 253, 598, 1096, 48, 737, 949, 260, 901, 418, 935, 287, 1056, 1118, 589, 255, 245, 903, 1099, 299, 503, 1059, 1033, 64, 672, 517, 643, 703, 135, 83, 815, 531, 513, 936, 468, 62, 387, 447, 752, 401, 604, 981, 458, 855, 271, 774, 1179, 40, 484, 498, 469, 514, 1015, 559, 1097, 714, 21, 1072, 914, 365, 712, 1014, 437, 980, 977, 225, 663, 294, 1009, 554, 419, 282, 10, 211, 115, 694, 490, 489, 70, 871, 353, 902, 1155, 772, 858, 515, 16, 746, 479, 687, 973, 662, 345, 216, 61, 1017, 52, 991, 1170, 208, 363, 501, 3, 928, 739, 562, 1061, 854, 727, 94, 157, 810, 938, 1134, 53, 868, 596, 585, 638, 454, 264, 309, 41, 98, 416, 372, 771, 346, 87, 1043, 861, 1037, 399, 912, 166, 1175, 67, 832, 715, 452, 63, 201, 339, 1090, 50, 744, 1098, 671, 281, 436, 731, 507, 631, 60, 1156, 159, 147, 342, 176, 231, 931, 951, 244, 823, 124, 51, 391, 645, 1115, 131, 1125, 267, 602, 300, 26, 336, 249, 204, 321, 1067, 919, 195, 103, 709, 280, 789, 866, 91, 684, 724, 246, 19, 610, 697, 1146, 813, 209, 921, 443, 877, 961, 1062, 1141, 108, 533, 571, 978, 568, 111, 510, 592, 24, 835, 464, 439, 956, 104, 1013, 583, 881, 796, 1106, 986, 711, 1040, 550, 505, 220, 668, 801, 101, 344, 754, 1005, 46, 1124, 590, 1011, 483, 509, 1104, 582, 937, 1073, 348, 343, 1095, 628, 633, 409, 639, 132, 1108, 317, 44, 537, 149, 718, 163, 1135, 594, 390, 837, 833, 338, 525, 561, 982, 502, 1158, 606, 885, 13, 708, 318, 909, 240, 229, 181, 423, 308, 508, 588, 275, 123, 761, 734, 125, 472, 221, 526, 572, 80, 170, 950, 199, 826, 1050, 747, 1130, 243, 997, 279, 546, 337, 989, 238, 285, 860, 762, 1180, 97, 1083, 1036, 895, 818, 797, 117, 412, 120, 565, 463, 441, 566, 408, 95, 976, 1065, 763, 82, 867, 1129, 456, 716, 133, 676, 495, 355, 983, 305, 650, 782, 528, 150, 375, 5, 630, 975, 653, 521, 497, 207, 1166, 807, 658, 371, 278, 373, 974, 874, 1076, 852, 808, 376, 736, 1160, 130, 1176, 948, 306, 461, 470, 168, 384, 410, 102, 152, 535, 174, 1064
919, 365, 762, 32, 254, 869, 1064, 952, 769, 345, 229, 871, 419, 186, 741, 1155, 689, 79, 1114, 1126, 33, 425, 497, 540, 127, 542, 898, 355, 599, 137, 897, 563, 682, 674, 812, 237, 60, 1007, 642, 767, 282, 783, 440, 27, 1099, 1003, 38, 1100, 620, 449, 75, 379, 581, 701, 1118, 474, 653, 131, 1039, 291, 641, 723, 855, 490, 1128, 818, 173, 1129, 338, 17, 285, 571, 807, 801, 905, 516, 811, 658, 1165, 377, 113, 619, 972, 397, 461, 246, 991, 535, 982, 11, 1122, 257, 1087, 189, 1020, 31, 319, 245, 659, 149, 373, 41, 590, 1043, 790, 819, 197, 141, 1180, 105, 560, 809, 924, 733, 813, 978, 98, 1013, 942, 1102, 499, 565, 737, 965, 533, 896, 21, 175, 665, 752, 324, 984, 1164, 1085, 43, 921, 1140, 209, 856, 336, 184, 78, 400, 546, 945, 205, 190, 333, 648, 602, 225, 106, 410, 530, 458, 939, 331, 145, 725, 334, 550, 569, 900, 1166, 1026, 452, 826, 335, 47, 378, 985, 206, 724, 122, 1058, 933, 508, 496, 296, 166, 903, 390, 1161, 154, 409, 914, 171, 667, 770, 956, 1063, 539, 578, 1033, 386, 612, 132, 482, 859, 552, 841, 1089, 852, 429, 1023, 580, 1001, 1017, 464, 683, 1055, 100, 445, 936, 773, 1139, 309, 416, 780, 804, 910, 1110, 860, 438, 85, 685, 266, 1107, 261, 426, 466, 181, 671, 368, 713, 95, 1134, 849, 583, 424, 356, 310, 601, 90, 479, 255, 881, 196, 923, 402, 134, 1137, 913, 244, 988, 23, 925, 1086, 471, 1108, 748, 164, 1152, 352, 1123, 731, 893, 396, 574, 649, 969, 119, 1060, 772, 660, 953, 72, 91, 201, 864, 1083, 114, 1131, 339, 1065, 576, 786, 332, 544, 13, 61, 415, 992, 848, 287, 1095, 887, 29, 220, 393, 1048, 219, 349, 195, 460, 1031, 1044, 1158, 543, 289, 1159, 710, 616, 240, 610, 884, 1106, 169, 147, 160, 1073, 1077, 520, 275, 250, 768, 487, 717, 308, 948, 129, 745, 729, 990, 934, 895, 192, 210, 609, 1051, 922, 1032, 62, 1070, 1027, 439, 293, 51, 654, 622, 591, 1112, 1081, 515, 1042, 1049, 564, 239, 742, 759, 258, 1069, 353, 743, 271, 603, 986, 1160, 492, 306, 637, 0, 1037, 231, 1002, 150, 995, 975, 48, 586, 595, 260, 1071, 276, 584, 101, 513, 307, 135, 714, 644, 318, 198, 347, 315, 522, 99, 1062, 249, 66, 1149, 369, 732, 1074, 524, 300, 798, 791, 111, 711, 226, 328, 389, 880, 928, 97, 1121, 983, 504, 606, 663, 805, 115, 596, 14, 304, 163, 305, 130, 343, 236, 207, 462, 502, 562, 477, 858, 635, 716, 815, 404, 22, 720, 698, 758, 677, 672, 469, 1109, 155, 124, 968, 839, 55, 104, 756, 80, 1009, 1016, 865, 842, 30, 797, 179, 589, 280, 94, 795, 436, 360, 803, 480, 272, 930, 994, 1154, 251, 96, 730, 67, 214, 68, 1018, 668, 808, 686, 634, 679, 387, 1171, 1125, 981, 793, 662, 874, 787, 929, 751, 673, 1025, 740, 298, 628, 1068, 178, 1093, 960, 1141, 1096, 326, 838, 274, 647, 1179, 351, 739, 448, 687, 526, 722, 1148, 202, 18, 371, 861, 592, 705, 996, 879, 669, 495, 651, 525, 380, 794, 325, 568, 915, 976, 514, 678, 73, 1174, 1169, 1061, 836, 1067, 121, 92, 1144, 738, 501, 174, 301, 850, 621, 638, 827, 891, 36, 941, 434, 607, 949, 1040, 1038, 15, 961, 1019, 340, 277, 962, 837, 294, 242, 412, 401, 1162, 463, 912, 814, 799, 693, 886, 760, 625, 93, 2, 755, 376, 998, 233, 784, 624, 148, 221, 475, 765, 16, 144, 7, 117, 570, 1075, 108, 235, 955, 432, 902, 247, 688, 172, 951, 593, 311, 937, 1088, 414, 194, 877, 518, 548, 505, 681, 200, 299, 537, 640, 1041, 208, 558, 375, 541, 1022, 286, 456, 20, 337, 538, 46, 1029, 364, 395, 252, 1066, 374, 1150, 1056, 844, 782, 763, 441, 617, 866, 906, 572, 26, 702, 676, 158, 1008, 623, 1133, 230, 74, 854, 664, 1046, 152, 796, 203, 999, 545, 830, 64, 384, 1082, 697, 227, 234, 34, 217, 661, 835, 223, 909, 382, 468, 484, 517, 551, 87, 314, 394, 81, 262, 823, 1175, 555, 420, 431
1159, 837, 204, 627, 213, 766, 621, 1145, 1056, 1141, 710, 959, 1087, 975, 892, 698, 793, 230, 73, 14, 12, 835, 603, 317, 826, 802, 85, 450, 312, 212, 783, 45, 418, 985, 423, 953, 1053, 574, 302, 247, 385, 337, 189, 769, 239, 490, 538, 1100, 1068, 1157, 580, 616, 508, 111, 956, 435, 604, 1126, 331, 715, 864, 571, 243, 919, 908, 569, 928, 1034, 1176, 46, 53, 178, 816, 1010, 811, 364, 224, 1137, 838, 432, 897, 504, 401, 112, 117, 1089, 206, 1158, 288, 754, 323, 304, 630, 271, 644, 491, 924, 316, 87, 920, 27, 833, 1148, 797, 1122, 326, 751, 113, 907, 1046, 563, 744, 832, 1179, 110, 547, 88, 424, 109, 256, 1127, 567, 264, 327, 746, 142, 1173, 551, 360, 488, 492, 880, 48, 1024, 731, 506, 134, 755, 836, 620, 410, 507, 741, 914, 888, 333, 1006, 356, 1007, 719, 329, 834, 696, 412, 948, 622, 177, 548, 24, 525, 964, 1112, 145, 6, 1067, 106, 786, 772, 598, 1140, 1037, 658, 1057, 447, 817, 560, 876, 226, 1033, 482, 1121, 662, 958, 894, 481, 820, 451, 537, 251, 785, 121, 341, 285, 867, 280, 318, 1018, 1064, 392, 196, 20, 900, 84, 391, 30, 521, 517, 328, 677, 241, 254, 913, 300, 875, 986, 118, 419, 228, 664, 1001, 93, 709, 82, 1015, 949, 500, 171, 209, 1073, 631, 102, 475, 570, 930, 734, 1, 546, 968, 458, 405, 472, 1090, 47, 601, 463, 874, 351, 313, 806, 1019, 641, 1013, 446, 17, 41, 387, 306, 72, 909, 1085, 1149, 831, 665, 515, 167, 133, 406, 1116, 417, 40, 1000, 483, 618, 369, 804, 153, 309, 370, 1172, 335, 234, 217, 1125, 62, 474, 413, 345, 50, 148, 943, 981, 497, 1114, 367, 216, 642, 1039, 253, 350, 687, 1139, 376, 305, 344, 862, 282, 789, 1012, 850, 44, 164, 160, 397, 366, 429
852, 66, 133, 381, 446, 885, 607, 447, 533, 753, 572, 1024, 420, 592, 826, 97, 281, 158, 1030, 1178, 456, 924, 902, 575, 896, 983, 1101, 700, 1136, 619, 647, 672, 859, 715, 899, 1131, 536, 1151, 576, 975, 1039, 1020, 655, 82, 1053, 70, 1047, 714, 467, 1164, 1073, 1141, 1094, 1174, 908, 736, 1072, 357, 523, 579, 961, 95, 580, 922, 265, 1105, 695, 651, 421, 790, 1150, 1142, 28, 670, 853, 907, 1171, 828, 1165, 122, 468, 820, 915, 1125, 160, 1111, 284, 54, 593, 554, 650, 356, 224, 398, 917, 405, 1016, 784, 436, 777, 79, 419, 441, 1158, 849, 521, 53, 1104, 914, 327, 139, 151, 491, 1103, 115, 919, 19, 218, 997, 470, 518, 1057, 506, 1098, 174, 214, 994, 1133, 1051, 260, 145, 676, 713, 1026, 825, 294, 901, 52, 1129, 755, 266, 417, 134, 545, 824, 9, 567, 48, 662, 1139, 90, 248, 971, 552, 58, 287, 956, 257, 283, 193, 167, 517, 165, 507, 26, 633, 985, 171, 204, 184, 981, 858, 578, 416, 89, 775, 226, 227, 1010, 570, 211, 11, 62, 338, 705, 932, 237, 699, 898, 1159, 61, 118, 610, 225, 125, 71, 400, 359, 1061, 245, 270, 310, 577, 856, 614, 1118, 494, 427, 305, 526, 612, 0, 406, 466, 1044, 170, 189, 1147, 99, 933, 524, 640, 868, 172, 187, 414, 888, 605, 798, 1069, 176, 433, 376, 74, 1014, 323, 558, 626, 1126, 1128, 186, 931, 56, 925, 680, 320, 635, 195, 461, 878, 1017, 153, 500, 940, 728, 1066, 409, 547, 1120, 390, 599, 364, 630, 69, 131, 1172, 6, 309, 712, 453, 124, 488, 741, 525, 681, 250, 482, 847, 550, 452, 255, 628, 1163, 747, 682, 1145, 465, 549, 274, 444, 78, 1155, 314, 262, 81, 149, 563, 999, 516, 927, 93, 873, 1088, 479, 136, 369, 1000, 683, 839, 391, 689, 735, 34, 1012, 334, 996, 1108, 520, 537, 1084, 838, 667, 499, 271, 370, 840, 1042, 1100, 216, 213, 960, 540, 1167, 883, 818, 657, 59, 152, 952, 708, 696, 946, 435, 318, 659, 766, 882, 871, 904, 803, 155, 508, 289, 459, 300, 800, 771, 1130, 412, 594, 629, 646, 502, 1075, 102, 342, 608, 107, 692, 1176, 350, 352, 731, 876, 861, 833, 469, 156, 685, 1169, 207, 527, 229, 978, 893, 836, 835, 1031, 706, 709, 1040, 37, 776, 253, 935, 1114, 36, 135, 962, 817, 496, 834, 953, 791, 906, 603, 987, 355, 986, 1123, 504, 437, 796, 1161, 531, 967, 955, 694, 534, 509, 1011, 795, 587, 980, 485, 1099, 5, 722, 463, 1081, 276, 232, 113, 804, 325, 422, 1093, 976, 1109, 230, 779, 949, 1032, 802, 306, 717, 743, 256, 1180, 1063, 1095, 698, 788, 522, 810, 538, 103, 556, 703, 968, 1124, 299, 84, 269, 1173, 740, 146, 476, 769, 440, 589, 939, 1127, 846, 677, 315, 988, 947, 843, 378, 916, 870, 346, 75, 13, 460, 389, 584, 562, 624, 656, 1043, 10, 424, 44, 1002, 15, 480, 210, 16, 317, 383, 514, 336, 478, 710, 105, 303, 886, 897, 733, 1096, 812, 313, 395, 762
988, 833, 504, 629, 1133, 757, 652, 729, 583, 898, 877, 1134, 1098, 695, 56, 225, 486, 873, 396, 442, 554, 941, 993, 478, 489, 824, 884, 510, 126, 1059, 595, 217, 646, 363, 444, 55, 317, 546, 800, 754, 211, 165, 80, 668, 420, 312, 673, 1092, 1002, 469, 871, 184, 792, 68, 270, 552, 1161, 713, 1039, 518, 132, 1008, 100, 914, 61, 592, 5, 1135, 638, 569, 1023, 388, 233, 892, 340, 805, 357, 831, 807, 433, 577, 297, 784, 883, 837, 1124, 712, 259, 1144, 978, 214, 855, 14, 1175, 238, 905, 241, 175, 82, 1151, 1152, 512, 116, 1163, 730, 661, 734, 296, 942, 144, 553, 35, 725, 649, 1067, 439, 206, 787, 808, 152, 1117, 839, 705, 329, 99, 71, 678, 409, 1129, 694, 974, 581, 269, 738, 841, 1109, 601, 97, 63, 849, 957, 528, 770, 842, 621, 428, 51, 534, 394, 631, 682, 819, 460, 349, 401, 658, 982, 1107, 693, 1024, 900, 208, 445, 657, 774, 89, 72, 687, 665, 598, 768, 118, 325, 1042, 1110, 93, 123, 514, 1012, 163, 858, 1095, 30, 564, 968, 232, 479, 526, 247, 1025, 715, 538, 178, 62, 747, 386, 1118, 1058, 234, 492, 450, 344, 180, 980, 224, 1114, 275, 929, 483, 1176, 117, 397, 568, 145, 4, 904, 838, 616, 580, 253, 1021, 882, 245, 532, 1166, 133, 25, 244, 1150, 1026, 1155, 915, 457, 75, 854, 251, 412, 702, 876, 721, 1066, 192, 1165, 749, 221, 1032, 857, 423, 722, 624, 403, 789, 822, 389, 772, 596, 124, 1157, 467, 743, 454, 373, 675, 458, 193, 930, 382, 149, 703, 1005, 443, 809, 59, 726, 200, 1033, 825, 377, 935, 742, 887, 567, 150, 908, 440, 1001, 894, 821, 635, 509, 709, 975, 1034, 274, 867, 724, 590, 888, 896, 1078, 465, 406, 1080, 903, 1094, 861, 579, 920, 451, 1084, 314, 973, 347, 408, 378, 222, 536, 782, 1068, 384, 455, 1017, 422, 557, 626, 318, 16, 1179, 660, 37, 690, 798, 910, 551, 1045, 1148, 906, 785, 141, 295, 195, 498, 562, 1041, 1111, 32, 728, 963, 481, 311, 262, 1156, 650, 336, 984, 561, 218, 368, 160, 641, 48, 415, 516, 804, 925, 36, 242, 1081, 932, 972, 815, 976, 58, 501, 280, 276, 971, 246, 846, 617, 400, 216, 102, 38, 331, 364, 937, 619, 1006, 943, 282, 46, 542, 376, 162, 220, 1126, 399, 1036, 277, 1050, 756, 1168, 527, 140, 813, 503, 572, 79, 158, 533, 53, 669, 1141, 12, 586, 1013, 672, 745, 7, 482, 541, 324, 547, 689, 1055, 666, 78, 23, 788, 77, 173, 944, 198, 912, 706, 856, 346, 613, 744, 471, 268, 953, 811, 901, 392, 866, 765, 853, 1122, 484, 931, 862, 523, 760, 462, 917, 121, 995, 1054, 199, 281, 644, 146, 570, 407, 315, 213, 432, 416, 161, 108, 138, 44, 11, 95, 1115, 98, 387, 461, 284, 1020, 17, 600, 326, 1097, 623, 955, 1102, 352, 231, 627, 515, 951, 96, 535, 791, 417, 235, 946, 969, 28, 1083, 604, 1178, 3, 1003, 84, 919, 47, 86, 1065, 645, 868, 1051, 513, 359, 696, 933, 182, 26, 90, 328, 1137, 958, 612, 1053, 1064, 65, 494, 321, 142, 1099, 1119, 812, 45, 131, 1035, 1108, 950, 294, 671, 9, 109, 197, 293, 1031, 829, 582, 171, 172, 85, 964, 1062, 701, 271, 1029, 840, 204, 735, 737, 1160, 474, 335, 959, 185, 753, 21, 219, 201, 239, 485, 215, 273, 278, 947, 1158, 597, 174, 998, 1010, 354, 243, 608, 781, 1038, 881, 732, 120, 1009, 106, 796, 698, 639, 1074, 33, 926, 539, 1019, 128, 330, 676, 1040, 571, 94, 607, 954, 499, 497, 643, 614, 1180, 395, 74, 452, 360, 431, 555, 711, 122, 685, 362, 647, 508, 1143, 19, 779, 393, 938, 879, 663, 967, 832, 350, 112, 525, 248, 655, 790, 104, 989, 773, 488, 550, 250, 1044, 633, 190, 692, 1085, 1167, 365, 717, 76, 859, 226, 286, 414, 987, 1104, 502, 642, 530, 13, 351, 651, 22, 640, 997, 880, 999, 680, 476, 370, 850, 545, 110, 630, 191, 159, 797, 383, 1007, 605, 39, 786, 6, 736, 101, 333, 752, 91, 31, 459, 456, 827, 679, 134, 1093, 477, 342, 852, 758, 924, 70, 52, 615, 1139, 847, 41, 1071, 878, 845, 434, 979, 1043, 771, 115, 559, 129, 529, 367, 285, 495, 1154, 826, 759, 632, 684, 255, 585, 948, 1125, 544, 240, 688, 566, 740, 576, 258, 573, 1060, 890, 473, 1172, 188, 291, 795, 522, 936, 187, 380, 820, 991, 88, 1, 310, 339, 524, 718, 1170, 301, 777, 309, 816, 762, 166, 263, 720, 398, 60, 928, 1047, 279, 1116, 303, 1052, 1073, 493, 885, 210, 496, 584, 385, 507, 1082, 50, 438, 1076, 322, 292, 153, 374, 869, 727, 372, 1130, 1014, 622, 265, 179, 992, 327, 468, 337, 589, 1105, 593, 540, 304, 319, 1146, 1145, 549, 8, 828, 139, 560, 700, 983, 353, 659, 343, 345, 731, 256, 945, 610, 29, 189, 949, 223, 24, 686, 1061, 902, 1089, 1112, 212, 952, 977, 391, 707, 1131, 934, 448, 436, 1016, 990, 891, 472, 618, 994, 803, 830, 1018, 653, 1128, 49, 1100, 475, 872, 996, 1096, 697, 113, 34, 966, 739, 418, 704, 1138, 677, 371, 430, 447, 480, 111, 870, 667, 548, 1106, 778, 636, 381, 170, 87, 356, 427, 965, 961, 143, 741, 588, 1000, 1086, 405, 899, 252, 918, 300, 114, 806, 602, 437, 783, 313, 865, 305, 157, 780, 575, 302, 723, 441, 648, 587, 776, 261, 1159, 691, 1090, 1149, 105, 1057, 194, 491, 1030, 43, 940, 54, 413, 719, 985, 708, 1027, 207, 92, 267, 249, 228, 306, 843, 298, 466, 464, 64, 558, 290, 316, 67, 379, 907, 334, 237, 287, 628, 361, 710, 289, 1037, 810, 1169, 681, 164, 761, 167, 1174, 155, 1101, 520, 205, 156, 775, 823, 2, 699, 1164, 410, 1088, 521, 500, 10, 229, 913, 714, 916, 817, 851, 83, 637, 196, 137, 769, 1063, 960, 981, 656, 599, 453, 1147, 236, 662, 609, 606, 511, 1070, 147, 848, 66, 750, 490, 257, 107, 425, 1173, 168, 801, 0, 591, 1123, 1004, 81, 169, 836, 1049, 625, 230, 42, 835, 209, 73, 299, 1087, 574, 911, 886, 288, 332, 202, 186, 875, 338, 889, 1022, 404, 470, 125, 563, 939, 177, 260, 611, 411, 578, 40, 1140, 20, 1075, 506, 505, 654, 366, 565, 449
380, 396, 131, 837, 580, 540, 515, 782, 350, 266, 142, 1021, 951, 871, 1055, 570, 966, 519, 1095, 991, 619, 384, 1022, 1091, 694, 876, 964, 1103, 921, 770, 939, 243, 643, 945, 1030, 963, 462, 385, 618, 477, 291, 888, 852, 77, 493, 673, 85, 651, 752, 268, 1178, 714, 779, 848, 553, 646, 1050, 375, 382, 474, 836, 335, 718, 798, 68, 1053, 821, 1152, 830, 1110, 934, 842, 1043, 36, 394, 481, 927, 708, 452, 118, 299, 988, 746, 211, 163, 621, 348, 275, 766, 922, 220, 429, 767, 723, 403, 717, 376, 76, 691, 625, 368, 284, 366, 947, 1004, 533, 899, 1124, 411, 996, 339, 247, 881, 101, 322, 535, 27, 967, 327, 882, 249, 827, 154, 242, 138, 796, 788, 273, 54, 507, 917, 1174, 751, 983, 240, 69, 485, 912, 287, 200, 1044, 364, 929, 179, 1007, 1147, 64, 707, 664, 435, 599, 763, 740, 756, 43, 908, 274, 1005, 218, 548, 82, 1059, 310, 683, 360, 1108, 1023, 546, 997, 955, 1128, 670, 73, 229, 968, 180, 930, 726, 706, 534, 187, 188, 866, 332, 902, 373, 44, 565, 231, 454, 464, 482, 418, 677, 237, 183, 606, 785, 1016, 659, 938, 427, 581, 279, 602, 151, 960, 1089, 61, 465, 105, 845, 282, 965, 615, 591, 768, 226, 62, 772, 1171, 656, 66, 136, 15, 434, 1033, 823, 353, 91, 192, 78, 127, 87, 119, 859, 860, 1126, 520, 1035, 1148, 1114, 1129, 475, 1013, 363, 431, 371, 926, 538, 98, 568, 207, 1065, 425, 297, 863, 30, 412, 175, 736, 1149, 399, 178, 560, 395, 549, 1168, 108, 440, 503, 29, 361, 387, 343, 781, 692, 631, 878, 306, 600, 542, 260, 674, 518, 321, 407, 1088, 22, 172, 16, 905, 826, 451, 488, 370, 1162, 661, 1027, 236, 60, 810, 441, 233, 725, 307, 487, 469, 149, 990, 326, 92, 239, 952, 805, 40, 748, 566, 409, 537, 536, 914, 738, 942, 687, 24, 678, 760, 114, 610, 1161, 1145, 629, 734, 1143, 1099, 1080, 764, 1158, 386, 158, 21, 513, 223, 215, 1018, 191, 140, 972, 854, 400, 1142, 190, 620, 117, 124, 993, 1063, 662, 201, 1041, 595, 246, 305, 904, 514, 584, 20, 547, 937, 1051, 470, 696, 601, 1073, 642, 406, 1093, 161, 1031, 312, 1112, 128, 214, 521, 182, 359, 1121, 338, 865, 189, 1096, 634, 575, 627, 675, 879, 1010, 1015, 100, 166, 749, 511, 38, 197, 173, 864, 126, 459, 858, 1104, 93, 276, 825, 391, 873, 349, 1134, 296, 72, 806, 928, 294, 998, 712, 83, 517, 88, 466, 558, 907, 1157, 924, 735, 219, 605, 234, 97, 298, 1131, 1083, 393, 811, 162, 217, 1058, 351, 1179, 33, 1119, 604, 28, 980, 1078, 715, 1109, 524, 1011, 1139, 230, 594, 771, 402, 940, 561, 492, 545, 46, 228, 765, 314, 617, 915, 1001, 1120, 238, 527, 5, 458, 506, 145, 352, 936, 949, 946, 499, 442, 783, 685, 422, 739, 392, 892, 1082, 71, 925, 473, 106, 150, 699, 468, 1169, 799, 887, 48, 778, 849, 530, 467, 413, 722, 974, 835, 647, 156, 144, 957, 120, 362, 303, 436, 555, 697, 32, 205, 112, 614, 347, 212, 961, 227, 877, 421, 1123, 389, 270, 1172, 1133, 639, 794, 909, 1137, 167, 13, 633, 1136, 644, 272, 800, 889, 90, 803, 18, 563, 358, 286, 1003, 497, 65, 221, 976, 953, 709, 1076, 130, 528, 1, 743, 319, 1113, 1049, 446, 809, 137, 732, 671, 954, 891, 195, 1164, 14, 504, 985, 731, 377, 987, 713, 143, 705, 1173, 758, 457, 684, 116, 1036, 551, 328, 728, 324, 1165, 832, 804, 637, 248, 1135, 911, 869, 689, 958, 70, 323, 777, 102, 1029, 853, 649, 815, 807, 943, 786, 1155, 134, 261, 494, 663, 855, 611, 290, 870, 86, 210, 775, 1067, 931, 1154, 741, 969, 759, 571, 624, 357, 894, 443, 292, 1012, 812, 426, 1037, 1070, 169
205, 92, 1074, 489, 291, 712, 1164, 855, 1102, 1036, 709, 895, 370, 62, 747, 1161, 201, 1103, 808, 1121, 1090, 683, 515, 727, 520, 215, 914, 905, 528, 723, 1119, 1049, 10, 578, 675, 80, 1038, 354, 443, 457, 706, 859, 534, 17, 355, 770, 1124, 728, 860, 180, 550, 477, 798, 107, 891, 946, 694, 691, 413, 369, 428, 929, 166, 869, 347, 494, 320, 624, 1142, 47, 438, 1131, 688, 756, 760, 358, 840, 458, 363, 398, 689, 719, 1072, 906, 653, 1126, 451, 949, 1140, 629, 395, 1078, 927, 1176, 785, 288, 382, 979, 994, 185, 300, 6, 1100, 668, 800, 409, 1109, 682, 179, 685, 134, 1057, 311, 754, 252, 276, 670, 815, 81, 564, 55, 375, 99, 726, 91, 959, 1077, 618, 1127, 72, 1093, 128, 1082, 314, 714, 829, 152, 218, 374, 565, 518, 116, 461, 697, 705, 850, 742, 285, 1129, 416, 220, 219, 1069, 851, 90, 503, 57, 1004, 894, 542, 738, 1047, 424, 465, 613, 560, 77, 1139, 239, 113, 192, 137, 124, 263, 720, 1117, 1091, 1063, 787, 348, 973, 132, 509, 33, 462, 845, 678, 971, 253, 242, 877, 340, 997, 172, 259, 487, 1039, 548, 123, 1145, 313, 928, 88, 96, 637, 51, 546, 872, 722, 964, 916, 826, 388, 344, 35, 1031, 831, 256, 508, 1010, 778, 1166, 901, 245, 143, 243, 533, 955, 261, 648, 1130, 583, 102, 453, 167, 1059, 307, 227, 879, 912, 65, 195, 482, 610, 519, 304, 842, 724, 260, 924, 975, 491, 460, 765, 888, 254, 381, 582, 492, 616, 29, 1056, 317, 182, 1009, 1067, 292, 655, 590, 332, 1011, 235, 628, 1050, 961, 222, 620, 881, 202, 386, 804, 43, 870, 667, 570, 703, 290, 757, 1143, 125, 135, 1172, 246, 145, 868, 998, 1062, 673, 810, 30, 449, 802, 605, 440, 948, 97, 1001, 488, 664, 308, 958, 224, 1098, 282, 818, 957, 1073, 360, 557, 158, 486, 191, 676, 532, 1123, 262, 721, 512, 527, 267, 108, 189, 587, 995, 773, 397, 131, 1052, 1006, 507, 147, 1064, 622, 944, 26, 913, 472, 119, 579, 496, 414, 323, 549, 1043, 1060, 110, 196, 322, 599, 939, 766, 476, 662, 418, 336, 1178, 377, 903, 153, 633, 316, 700, 506, 187, 299, 640, 598, 356, 425, 203, 411, 736, 769, 32, 1144, 698, 1160, 801, 749, 1014, 345, 917, 1169, 1, 510, 567, 315, 596, 833, 1099, 899, 1097, 223, 854, 649, 612, 797, 379, 816, 8, 537, 378, 204, 873, 789, 1092, 514, 702, 586, 717, 822, 404, 402, 1147, 372, 69, 217, 541, 696, 737, 412, 232, 780, 42, 852, 1079, 12, 228, 213, 525, 999, 346, 943, 588, 15, 249, 889, 666, 341, 516, 828, 577, 543, 960, 0, 258, 788, 1149, 59, 849, 140, 483, 56, 969, 154, 817, 435, 305, 614, 141, 403, 236, 763, 729, 366, 157, 1165, 48, 430, 186, 925, 129, 1054, 274, 774, 122, 331, 918, 431, 408, 1174, 464, 479, 732, 987, 713, 473, 144, 306, 893, 996, 803, 884, 1025, 573, 601, 298, 786, 287, 1023, 23, 896, 623, 555, 210, 211, 198, 226, 67, 268, 1012, 593, 531, 155, 238, 480, 562, 212, 349, 338, 1076, 1115, 165, 647, 328, 544, 825, 1003, 1085, 275, 265, 1158, 594, 1095, 681, 902, 159, 1177, 1163, 1002, 130, 657, 1120, 883, 523, 980, 847, 199, 764, 900, 70, 466, 843, 109, 707, 654, 1088, 208, 1041, 857, 407, 390, 834, 20, 176, 170, 1173, 151, 730, 400, 876, 19, 848, 257, 115, 795, 4, 585, 551, 985, 98, 1044, 279, 1101, 1033, 1132, 61, 609, 118, 1024, 237, 561, 779, 919, 993, 597, 136, 13, 686, 241, 214, 352, 642, 1096, 1019, 571, 566, 1155, 342, 161, 545, 39, 484, 784, 445, 841, 603, 556, 963, 734, 962, 3, 423, 74, 1027, 454, 1084, 553, 1110, 627, 334, 22, 281, 791, 1005, 632, 783, 554, 1154, 858, 318, 1156, 568, 526, 733, 439, 735, 127, 433, 111, 643, 384, 511, 636, 867, 468, 105, 926, 639, 467, 837, 94, 399, 184, 772, 368, 1125, 746, 255, 631, 904, 625, 174, 456, 500, 708, 740, 933, 1179, 1133, 1051, 283, 950, 663, 277, 844, 600, 644, 266, 909, 824, 14, 1071, 1058, 856, 448, 1153, 188, 319, 864, 392, 87, 493, 635, 529, 1065, 415, 410, 1045, 394, 34, 485, 421, 357, 225, 248, 426, 890, 687, 758, 755, 104, 371, 86, 66, 1066, 160, 645, 752, 169, 768, 25, 28, 656, 21, 1111, 250, 777, 862, 965, 31, 641, 794, 200, 162, 861, 1106, 638, 572, 504, 68, 301, 393, 1055, 52, 821, 326, 391, 329, 101, 661, 5, 321, 330, 1157, 982, 501, 892, 835, 1108, 540, 823, 89, 93, 353, 286, 1137, 163, 920, 941, 27, 1152, 976, 611, 230, 376, 171, 820, 938, 608, 142, 790, 63, 559, 838, 547, 558, 584, 1040, 446, 190, 731, 350, 49, 83, 986, 273, 671, 221, 441, 665, 806, 103, 827, 1026, 524, 812, 1087, 309, 333, 563, 364, 921, 452, 1105, 839, 337, 716, 216, 658, 71, 991, 863, 762, 751, 1170, 983, 1034, 915, 148, 233, 138, 121, 481, 897, 173, 2, 711, 9, 935, 1022, 875, 911, 419, 361, 60, 581, 280, 836, 745, 978, 427, 677, 247, 194, 11, 759, 296, 405, 535, 956, 365, 343, 380, 1138, 84, 1134, 64, 990, 743, 988, 767, 114, 387, 455, 739, 50, 197, 967, 303, 436, 1075, 947, 469, 1032, 830, 874, 1150, 715, 164, 619, 930, 45, 1089, 1171, 310, 796, 882, 207, 497, 866, 302, 41, 1008, 434, 886, 1151, 846, 748, 1020, 885, 240, 865, 669, 871, 244, 853, 1116, 120, 580, 945, 422, 1061, 617, 517, 1021, 495, 396, 498, 660, 536, 607, 684, 679, 1083, 539, 112, 139, 327, 741, 937, 589, 799, 977, 910, 177, 972, 206, 1017, 18, 229, 659, 954, 1107, 807, 1048, 149, 1013, 1018, 383, 814, 693, 591, 898, 270, 168, 1015, 389, 324, 1104, 1167, 981, 569, 1180, 234, 989, 651, 942, 1122, 699, 1162, 1037, 24, 175, 156, 1029, 269, 490, 692, 592, 278, 953, 513, 1081, 1007, 701, 437, 471, 805, 82, 575, 1086, 621, 478, 923, 792, 312, 38
