157
20
20
9
np_hard1; 0; 13; 13; 34
np_hard2; 1; 75; 2; 268
np_hard3; 1; 6; 7; 47
np_hard4; 2; 18; 5; 15
np_hard5; 2; 23; 4; 12
np_hard6; 2; 81; 1; 500
np_hard7; 3; 7; 13; 9
np_hard8; 3; 17; 17; 56
np_hard9; 3; 31; 21; 21
np_hard10; 3; 22; 15; 28
np_hard11; 3; 25; 7; 65
np_hard12; 3; 19; 7; 2
np_hard13; 4; 19; 5; 30
np_hard14; 5; 16; 2; 14
np_hard15; 6; 26; 18; 25
np_hard16; 7; 23; 15; 34
np_hard17; 8; 19; 3; 4545
np_hard18; 7; 5; 2; 15
np_hard19; 5; 1; 2; 6
np_hard20; 0; 2; 17; 16
0, 1, 2
3, 4, 5
6, 7, 8
0, 1
0, 2
3, 5
4, 5
7, 8
6, 7
