2073741824
1073741824
52
4
a; 0; 5555; 123; 1700
b; 0; 21323; 928312; 2031002
c; 0; 1232; 2312; 5000213
d; 0; 2; 1; 999
e; 0; 23132; 231; 29582
f; 1; 23132; 123421; 1
g; 1; 198312; 1111111; 1232312
h; 1; 3812; 2; 700
i; 1; 44444; 1; 800
j; 2; 1; 9524123; 2
k; 2; 50001; 412092; 3241
l; 2; 13423; 2312; 231245
m; 2; 13523; 231; 123452
n; 2; 53242; 213947; 23124
o; 2; 12353; 3123421; 12351222
p; 3; 13245; 2352312; 9000000000000
q; 3; 48392; 475212; 2134123
r; 3; 52344; 9328714; 1024
s; 4; 13234; 1374221; 2048
t; 4; 51234; 2412; 23124
u; 4; 52343; 312456; 23125
v; 4; 44444; 34124; 235623
w; 4; 23423; 2487512; 231562
x; 4; 34234; 31245; 231512
y; 4; 12343; 321641; 3741212
z; 4; 1; 1; 4123
A; 4; 21341; 2314; 23234
B; 4; 43256; 25158; 231255
C; 4; 23144; 2371; 923156
D; 4; 23451; 3723; 412999
E; 4; 32543; 3162; 923124
F; 4; 2152; 5476; 235123
G; 4; 2312; 1234; 251723
H; 4; 242; 23123; 297123
I; 4; 24251; 2312; 23124
J; 4; 1234; 2471; 9999
K; 4; 231; 2312; 2135123
L; 4; 12312; 231238; 213412
M; 4; 5512; 12312; 2312412
N; 4; 23145; 21312; 999999
O; 4; 24172; 45231; 999999
P; 4; 23123; 2312; 999999
Q; 5; 47523; 924; 999999
R; 5; 8349211; 9123; 999999
S; 5; 31928; 1232; 999999
T; 5; 56123; 123456; 999999
U; 5; 357221; 23124; 9999992
V; 5; 23412; 3461; 999999
W; 5; 35172; 23124; 999999
X; 5; 1239; 9412; 999999
Y; 5; 23912; 2371; 999999
Z; 5; 1234; 2416; 999999
4, 1
4, 2
4, 3
2, 1
