100
100
29
10
item2; 2; 10; 30; 70
item24; 2; 10; 30; 70
item25; 2; 10; 30; 70
item26; 2; 10; 30; 70
item27; 13; 20; 40; 80
item28; 13; 20; 40; 80
item29; 13; 20; 40; 80
item31; 13; 20; 40; 80
item32; 13; 20; 40; 80
item1; 1; 10; 10; 30
item14; 1; 10; 10; 30
item15; 1; 10; 10; 30
item16; 1; 10; 10; 30
item17; 1; 10; 10; 30
item18; 1; 10; 10; 30
item19; 1; 10; 10; 30
item20; 1; 10; 10; 30
item21; 1; 10; 10; 30
item22; 1; 10; 10; 30
item23; 1; 10; 10; 30
item30; 14; 50; 50; 120
item33; 14; 50; 50; 120
item34; 14; 50; 50; 120
item35; 15; 10; 10; 60
item36; 15; 10; 10; 60
item37; 16; 100; 100; 199.99
item38; 17; 100; 0; 99.99
item39; 18; 0; 100; 199.99
item40; 19; 0; 0; 100
19, 1
19, 2
19, 13
19, 14
19, 15
19, 16
19, 17
19, 18
15, 1
15, 2