100.89
200.36
127
2
cold1; 0; 13.89; 15; 16.3
cold2; 0; 12.17; 89.5; 90.2
cold3; 0; 2.38; 12.5; 18.9
cold4; 0; 8.79; 73.4; 76
cold5; 0; 1.1; 80.3; 80.4
cold6; 0; 3.99; 12.56; 14.5
cold7; 0; 7.35; 5.23; 5.55
cold8; 0; 8.69; 5.78; 6.89
cold9; 0; 0; 7.6; 8.6
cold10; 0; 2.33; 2.33; 3
cold11; 0; 8.97; 8.54; 9
cold12; 0; 4.56; 12.5; 13
cold13; 0; 3.33; 86.4; 87
cold14; 0; 2.98; 87.96; 89
cold15; 0; 5.67; 53.25; 54
cold16; 0; 18.9; 1.24; 5.6
cold17; 0; 56.8; 45.87; 48
cold18; 0; 99.9; 5.57; 6.87
cold19; 0; 70.8; 12.25; 13.5
cold20; 0; 50.6; 64.58; 66.78
cold21; 0; 32.8; 12.45; 13.89
cold22; 0; 4.65; 58.8; 60
cold23; 0; 45.64; 85.2; 88.8
cold24; 0; 85.57; 45.6; 46.9
cold25; 0; 46.35; 11.2; 12.34
cold26; 0; 13.0; 87.9; 88.9
cold27; 0; 8.9; 32.2; 34.56
cold28; 0; 78.6; 90.1; 96.8
cold29; 0; 0.06; 1.8; 5.6
cold30; 0; 0.19; 2.3; 4.8
hot1; 1; 33.6; 0.01; 0.1
hot2; 1; 64.58; 2.35; 4.5
hot3; 1; 91.36; 76.8; 80
hot4; 1; 26.78; 35.6; 36
hot5; 1; 12.1; 23.5; 28.9
hot6; 1; 1.03; 2.56; 3.56
hot8; 1; 11.02; 11.45; 18.5
hot9; 1; 26.3; 89.8; 94.3
hot10; 1; 0.26; 26.5; 35.5
hot11; 1; 0.48; 0.52; 0.99
hot12; 1; 5.67; 6.69; 8.54
hot13; 1; 8.88; 16.6; 17.6
hot14; 1; 26.3; 34.5; 38.0
hot15; 1; 1.11; 2.36; 4.56
hot16; 1; 0.08; 1.36; 4.5
hot17; 1; 93.4; 99.9; 120
hot18; 1; 56.2; 13.5; 15.6
hot19; 1; 46.56; 56.8; 57.8
hot20; 1; 78.8; 80.7; 82.8
hot21; 1; 23.4; 35.6; 38.4
hot22; 1; 6.65; 7.4; 7.6
hot23; 1; 87.5; 89.7; 99.1
warm1; 2; 5.31; 7.51; 8.8
warm2; 2; 68.5; 70.2; 80.9
warm3; 2; 12.4; 0.01; 0.5
warm4; 2; 35.8; 0.86; 1.5
warm5; 2; 8.79; 8.69; 7.51
warm6; 2; 6.93; 7.36; 7.5
warm7; 2; 4.87; 8.38; 16.2
warm8; 2; 64.5; 2.54; 8.2
warm9; 2; 82.5; 36.78; 46.82
warm10; 2; 16.5; 12.45; 15.78
warm11; 2; 87.4; 90.4; 95
warm12; 2; 61.5; 46.3; 50
warm13; 2; 12.33; 12; 13
warm14; 2; 10.21; 10; 11
warm15; 2; 48.54; 48; 10
warm16; 2; 70.89; 70; 72
warm17; 2; 8.59; 1000; 20000
warm18; 2; 13.25; 13.5; 15.4
warm19; 2; 45.5; 46.8; 50.4
warm20; 2; 32.5; 32.6; 36.6
warm21; 2; 78.36; 42; 47
warm22; 2; 1.25; 2.36; 4.5
warm23; 2; 0.25; 0.25; 0.75
warm24; 2; 32.6; 33.3; 66.6
warm25; 2; 55.9; 68; 86
neutral1; 3; 1.02; 4.58; 5.6
neutral2; 3; 13.65; 1; 2
neutral3; 3; 99.99; 2; 4
neutral4; 3; 58.7; 5; 7
neutral5; 3; 23.5; 6; 9
neutral6; 3; 5000; 1; 2
neutral7; 3; 46.5; 50.3; 57.6
neutral8; 3; 32.5; 38.96; 42.57
neutral9; 3; 48.7; 68.9; 75.24
neutral10; 3; 46.5; 56.56; 62.45
neutral11; 3; 89.5; 90; 100
neutral12; 3; 5.26; 5; 7.6
neutral13; 3; 1.22; 1; 7
neutral14; 3; 32.6; 36.8; 45
neutral15; 3; 45.5; 86.3; 90
neutral16; 3; 32.32; 8.75; 9.36
neutral17; 3; 1.11; 1.23; 2.33
neutral18; 3; 17.5; 25.5; 32.6
neutral19; 3; 16.58; 18.3; 20.5
neutral20; 3; 46.58; 50.7; 52.3
neutral21; 3; 1; 2; 3
neutral22; 3; 0; 7.6; 9
neutral23; 3; 6.98; 23.45; 25
neutral24; 3; 3.71; 4; 5
neutral25; 3; 11.84; 12.5; 13.56
flammable1; 4; 56.87; 60.31; 67.8
flammable2; 4; 23.25; 25.6; 30.1
flammable3; 4; 33.36; 34.6; 37.6
flammable4; 4; 54.8; 60.7; 70.5
flammable5; 4; 23.7; 23.45; 25.67
flammable6; 4; 3.36; 4.56; 5.78
flammable7; 4; 84.57; 50.6; 68.7
flammable8; 4; 69.56; 74.5; 86.9
flammable9; 4; 23.4; 5.42; 6.37
flammable10; 4; 46.8; 54.5; 56.8
flammable11; 4; 2.36; 3; 4
flammable12; 4; 1.14; 2; 4
flammable13; 4; 3.34; 3; 4
flammable14; 4; 5.55; 6.78; 7.89
flammable15; 4; 7.85; 8.65; 9.42
flammable16; 4; 16.1; 20.1; 22.2
flammable17; 4; 32.5; 35.6; 38.7
flammable18; 4; 42.8; 43.5; 46.7
flammable19; 4; 55.5; 57.8; 70.12
flammable20; 4; 67.3; 70.23; 77.6
flammable21; 4; 8.20; 9.8; 10.75
flammable22; 4; 95.2; 100; 120
flammable23; 4; 42.2; 35.65; 42.56
flammable24; 4; 36.75; 42; 45
flammable25; 4; 1.25; 1.25; 3
0, 1, 2
1, 4