493.17
207.35
417
18
anorchia; 165; 293.51; 154.28; 172.94
unimpugned; 43; 55.69; 14.64; 104.06
pancreatoncus; 183; 42.73; 36.36; 47.72
drover; 356; 435.09; 199.86; 200.19
nova; 42; 423.56; 86.83; 165.72
unmating; 340; 207.65; 169.78; 197.56
peristyle; 328; 432.24; 188.14; 195.94
partnerless; 25; 189.41; 121.86; 193.34
unlanded; 30; 381.64; 85.56; 86.96
Galago; 324; 150.74; 55.68; 62.5
natural; 345; 56.96; 206.66; 206.82
calicular; 230; 193.37; 198.61; 204.17
phacochoerid; 337; 208.04; 124.2; 125.6
kokra; 97; 5.44; 70.14; 171.55
croucher; 2; 441.58; 110.52; 125.35
cordyl; 196; 305.81; 119.31; 122.88
monoxide; 260; 186.31; 25.79; 178.29
Aplanobacter; 203; 317.69; 74.97; 171.28
actinometric; 320; 403.16; 77.77; 117.14
awork; 241; 135.7; 7.8; 14.39
Parosela; 88; 131.59; 15.62; 130.0
cloaklet; 216; 386.1; 196.62; 201.3
glycogenize; 172; 345.64; 84.6; 112.42
mortalize; 111; 323.25; 142.98; 153.72
helper; 100; 139.49; 130.16; 165.13
preconcertedness; 225; 406.7; 31.61; 84.66
malleiferous; 285; 76.85; 68.04; 85.8
sterilization; 337; 115.53; 163.29; 186.01
woeful; 388; 178.72; 131.79; 166.11
carnal; 256; 67.39; 183.36; 185.8
platycephaloid; 203; 245.4; 113.83; 168.47
meliorator; 62; 15.76; 134.66; 185.73
inhaler; 188; 216.5; 24.8; 189.83
hamperer; 39; 405.08; 5.51; 91.53
tricenary; 90; 174.27; 27.38; 109.19
ballista; 186; 250.98; 96.7; 121.43
acridonium; 33; 492.32; 39.13; 176.03
umbone; 153; 104.25; 67.09; 107.83
kitchenful; 222; 286.86; 120.49; 187.31
Bembex; 262; 101.09; 133.23; 187.82
Thalassochelys; 295; 321.21; 141.63; 151.25
rumney; 242; 162.4; 90.25; 156.47
cantorship; 370; 274.48; 195.99; 199.25
oxammite; 52; 142.95; 7.17; 71.87
employed; 338; 399.41; 107.39; 123.86
orbicularity; 9; 311.98; 100.92; 185.93
superformidable; 128; 463.89; 43.13; 114.84
ventripotential; 368; 488.76; 53.13; 179.96
undefinedness; 125; 451.51; 126.61; 201.71
canaller; 195; 216.64; 139.27; 151.89
denticulation; 149; 232.55; 70.62; 186.01
Forsythia; 408; 248.79; 55.45; 177.07
antitarnish; 56; 366.39; 18.42; 118.79
potion; 382; 270.76; 105.45; 138.28
vasculomotor; 352; 416.88; 117.12; 192.31
distad; 300; 120.17; 95.96; 153.77
underdress; 134; 364.8; 148.25; 171.48
hardheartedly; 300; 83.36; 95.29; 163.27
Panorpa; 115; 446.74; 22.79; 92.33
handled; 370; 272.5; 11.64; 33.59
chondrosamine; 173; 159.57; 75.43; 149.89
plagiotropically; 283; 43.09; 120.75; 135.89
Tybalt; 283; 218.09; 175.77; 193.51
antidiphtheria; 91; 453.75; 92.91; 135.91
Pectinibranchia; 215; 147.16; 132.82; 155.17
icterohematuria; 258; 351.78; 203.14; 204.03
digress; 162; 93.74; 203.37; 203.72
outvoyage; 300; 365.1; 196.56; 204.03
productivity; 147; 462.12; 74.77; 167.3
supplement; 129; 171.8; 196.66; 205.1
yardkeep; 268; 320.64; 190.83; 191.43
magnipotence; 375; 321.66; 81.41; 149.17
polymicrobial; 264; 17.8; 128.06; 137.97
Aquifoliaceae; 285; 152.07; 89.28; 125.59
deair; 138; 271.86; 22.99; 35.17
otomucormycosis; 2; 341.12; 148.04; 206.24
obliquation; 182; 33.87; 32.01; 63.56
heteronymous; 275; 109.17; 57.59; 189.32
reoil; 334; 3.0; 29.73; 82.47
dowdyish; 180; 26.53; 76.66; 124.95
trophoderm; 354; 336.3; 55.75; 104.12
nitidous; 152; 297.62; 136.81; 178.27
cryptamnesia; 209; 412.05; 52.94; 149.67
headsill; 222; 453.32; 21.1; 40.49
mispleading; 353; 303.82; 132.53; 183.01
smithereens; 409; 405.78; 0.08; 118.28
Dipsadinae; 192; 440.89; 175.13; 187.31
toydom; 351; 252.38; 180.54; 204.95
unformalness; 224; 308.24; 4.56; 49.19
boundary; 317; 315.2; 193.09; 194.89
Daphnean; 313; 213.75; 30.23; 119.42
sassolite; 35; 280.25; 165.3; 195.65
supercarbonize; 390; 115.97; 103.19; 168.94
Bartramia; 59; 278.48; 67.88; 101.29
camellike; 102; 294.14; 46.35; 70.55
avellan; 275; 477.12; 142.16; 200.28
varnishment; 386; 324.2; 96.89; 125.85
regressive; 406; 30.59; 196.12; 202.02
aizle; 203; 49.55; 124.97; 136.31
diaconate; 42; 309.67; 110.97; 206.82
afterreckoning; 361; 366.76; 50.19; 120.04
respade; 88; 391.45; 58.92; 92.99
Aporocactus; 100; 25.81; 159.45; 201.69
barbulate; 375; 199.3; 173.83; 202.65
gamecraft; 314; 185.27; 16.09; 117.74
rhotacismus; 57; 330.8; 205.45; 206.89
neurolymph; 239; 440.03; 122.01; 135.26
consultive; 386; 218.05; 182.87; 202.01
undercry; 74; 174.46; 88.62; 116.49
immarcescibly; 12; 401.34; 110.34; 128.88
nonconnubial; 89; 211.88; 106.81; 121.98
executional; 46; 248.33; 39.92; 57.11
laang; 23; 359.93; 161.92; 180.24
woodlessness; 294; 460.35; 198.94; 203.41
hobble; 82; 216.71; 169.49; 205.63
perikaryon; 382; 268.46; 205.85; 206.68
semicostiferous; 0; 143.84; 46.51; 132.04
Jahve; 18; 454.09; 109.86; 129.78
pharmacal; 278; 467.85; 186.79; 201.1
alectoria; 261; 98.45; 183.68; 201.29
ortho; 124; 278.78; 57.71; 155.99
liniment; 315; 252.24; 20.18; 197.66
unsaid; 373; 46.76; 6.49; 21.95
unaddictedness; 182; 178.73; 137.12; 156.2
paned; 51; 63.57; 20.15; 123.55
transthoracic; 321; 13.48; 197.23; 199.23
semisolemnly; 157; 240.36; 104.98; 117.26
embed; 0; 307.28; 80.66; 149.65
ephemerides; 391; 260.53; 136.09; 148.98
informational; 208; 124.3; 102.42; 109.81
forepaw; 176; 213.8; 64.79; 138.13
weendigo; 235; 244.02; 40.84; 167.89
unsinning; 359; 123.53; 111.92; 130.31
burliness; 163; 128.33; 69.02; 137.44
tenderable; 99; 452.21; 126.45; 142.71
cerris; 190; 59.5; 154.59; 161.84
arteriograph; 177; 392.59; 100.68; 121.74
succumbence; 102; 479.86; 4.13; 132.84
discovered; 152; 142.74; 46.45; 114.45
finlet; 145; 77.02; 174.98; 194.22
nourisher; 228; 421.0; 58.11; 143.25
steelhead; 157; 267.39; 30.15; 39.76
perennation; 166; 37.78; 93.26; 119.78
ozonic; 373; 113.16; 130.6; 145.84
emmer; 148; 320.31; 102.17; 156.6
entrap; 181; 384.55; 4.31; 144.17
ravish; 293; 397.61; 139.22; 166.01
nitrophytic; 125; 5.48; 143.06; 150.96
xylophagous; 354; 223.65; 73.58; 192.54
lavrovite; 202; 133.01; 97.59; 113.71
bestially; 153; 334.27; 128.14; 192.13
gabioned; 95; 302.99; 27.18; 105.39
hybridous; 137; 109.5; 36.11; 103.92
Isawa; 199; 450.18; 177.69; 203.2
Atorai; 47; 433.18; 2.67; 85.85
physiogenesis; 141; 230.82; 195.09; 205.51
laeti; 69; 439.21; 55.05; 198.6
letterleaf; 175; 382.93; 93.42; 156.96
fayalite; 35; 384.53; 144.7; 199.72
pitaya; 324; 113.94; 180.51; 202.38
polyphonical; 207; 447.26; 8.19; 201.22
underbox; 63; 311.28; 40.37; 81.95
hajilij; 98; 340.73; 15.8; 132.95
footback; 178; 482.05; 111.98; 125.55
macromerite; 387; 202.87; 191.46; 196.39
gratillity; 382; 279.83; 94.06; 108.29
Spring; 138; 96.22; 103.0; 130.86
acclaimable; 117; 51.9; 124.4; 145.83
nonarithmetical; 83; 337.71; 54.54; 66.8
putrefiable; 288; 356.2; 95.72; 112.96
modulant; 279; 215.19; 98.99; 157.55
nutritionally; 111; 289.25; 192.61; 197.42
peristerite; 304; 12.29; 20.64; 83.44
clouty; 1; 434.65; 124.71; 177.24
boomboat; 368; 49.31; 64.96; 78.09
incomplex; 12; 377.94; 182.96; 185.97
decatyl; 219; 320.15; 33.01; 202.91
woodruff; 225; 304.19; 21.1; 59.63
meyerhofferite; 365; 201.08; 71.04; 124.24
remove; 246; 66.43; 47.51; 145.57
photomechanical; 27; 452.25; 104.56; 149.83
exhibitional; 338; 65.29; 68.1; 198.16
stife; 2; 410.11; 170.19; 184.81
tariffable; 72; 179.1; 118.43; 136.38
pluriparous; 77; 38.37; 139.29; 189.16
lysine; 150; 471.9; 87.45; 136.89
number; 271; 149.64; 19.1; 115.36
binucleated; 381; 87.25; 55.11; 115.87
fougade; 258; 391.56; 142.54; 197.19
Dyak; 61; 379.17; 129.0; 163.15
piripiri; 392; 426.96; 151.93; 190.08
executor; 364; 20.69; 140.26; 180.97
Triodon; 355; 141.35; 159.54; 191.65
inhospitably; 321; 399.36; 66.64; 177.76
scourfish; 369; 226.81; 142.75; 154.13
fice; 255; 237.5; 196.55; 199.26
pimaric; 172; 456.18; 29.05; 151.01
lankily; 87; 334.45; 107.22; 181.32
neuralgiform; 152; 74.0; 131.04; 132.32
meningitic; 97; 295.95; 26.99; 136.95
thieve; 228; 274.08; 161.85; 184.01
warehou; 221; 362.67; 192.07; 200.52
barricader; 11; 279.67; 137.63; 163.54
jud; 326; 20.13; 104.12; 106.45
grass; 151; 475.01; 52.81; 170.54
undimpled; 6; 59.39; 200.1; 206.79
unculled; 314; 227.25; 114.75; 178.91
merriless; 249; 188.92; 118.94; 187.76
paddockstone; 231; 112.85; 199.38; 203.71
quinquejugous; 359; 271.72; 144.23; 160.39
corneosclerotic; 110; 361.06; 186.24; 193.42
gadolinite; 411; 60.7; 70.74; 192.07
arrayer; 287; 352.13; 22.46; 119.15
lash; 95; 485.07; 86.51; 115.39
Stercorist; 122; 480.08; 139.0; 139.05
unrumored; 221; 165.3; 127.88; 201.55
novicehood; 44; 57.53; 145.47; 186.63
Bourbonian; 406; 219.95; 106.2; 133.84
Tammy; 150; 298.48; 193.66; 197.58
inutility; 362; 435.71; 19.43; 180.65
concorporate; 228; 296.46; 52.02; 200.63
totalness; 240; 171.31; 139.37; 175.71
brevilingual; 127; 151.92; 95.07; 188.65
dissentingly; 118; 328.27; 131.2; 206.68
thigmonegative; 7; 23.71; 171.66; 197.42
hematoglobulin; 271; 404.2; 100.42; 111.57
anepia; 9; 36.77; 86.33; 114.74
aligner; 104; 453.45; 40.56; 75.83
olivile; 404; 263.37; 150.18; 189.95
scaldfish; 136; 241.04; 114.14; 154.88
nihilitic; 54; 320.05; 42.55; 154.44
unblamable; 117; 367.08; 43.4; 88.94
geocyclic; 207; 159.88; 40.64; 58.51
epeeist; 63; 6.18; 125.01; 140.29
hypothyroidism; 204; 354.24; 152.23; 161.07
unmitigative; 149; 430.17; 61.74; 151.71
Paumari; 92; 410.52; 111.68; 197.15
osteopaedion; 267; 255.59; 25.23; 116.16
Brahminism; 312; 174.88; 55.58; 172.81
taoyin; 321; 53.77; 59.04; 67.89
megaweber; 172; 269.07; 185.54; 193.87
chous; 38; 90.73; 176.59; 187.23
catmint; 235; 317.1; 193.7; 200.43
attitude; 353; 164.77; 81.25; 174.66
monocrat; 406; 246.44; 139.01; 141.75
ancilla; 188; 463.37; 43.08; 165.64
xenia; 261; 433.57; 161.6; 183.68
candy; 38; 351.97; 98.28; 182.55
addlebrain; 102; 300.17; 176.09; 187.37
lithotint; 414; 36.55; 118.34; 195.91
pyrocondensation; 156; 66.21; 161.6; 184.89
electrochronometric; 276; 114.99; 163.9; 177.51
muddish; 354; 131.55; 163.11; 169.86
punkah; 98; 289.77; 75.93; 172.62
chasmy; 124; 116.22; 19.3; 137.01
mediodigital; 216; 256.55; 26.29; 159.89
limen; 394; 443.33; 100.16; 145.32
scofflaw; 36; 422.34; 87.34; 106.54
epilobe; 309; 38.05; 6.91; 36.19
elaterid; 368; 409.12; 145.35; 147.19
gilbertage; 115; 116.61; 145.13; 160.54
gentisin; 334; 344.92; 147.74; 206.58
depending; 106; 96.91; 169.17; 170.31
zonoid; 217; 57.73; 130.69; 168.83
Istiophorus; 152; 320.96; 176.38; 177.15
escalan; 97; 298.45; 187.84; 191.11
unsexlike; 315; 355.01; 37.09; 56.37
entempest; 269; 450.69; 12.96; 82.04
girsh; 112; 311.81; 114.77; 198.4
scalelike; 185; 101.87; 42.83; 50.82
nonparticipant; 380; 491.91; 186.19; 186.45
nautilicone; 1; 380.74; 17.47; 94.44
brachium; 96; 335.71; 157.1; 173.1
acerous; 10; 99.23; 3.19; 38.89
instantaneous; 109; 319.91; 128.51; 158.52
utriculitis; 84; 39.14; 98.71; 119.1
recircle; 141; 361.81; 151.13; 186.16
mesmerizability; 56; 158.52; 26.25; 193.66
hornblendophyre; 402; 443.66; 153.62; 158.76
autoicous; 283; 161.8; 93.35; 207.3
magnanimousness; 103; 1.15; 85.96; 172.8
eschara; 384; 183.12; 195.84; 196.02
idiopathetic; 205; 295.89; 117.95; 173.56
beveto; 46; 192.63; 35.91; 125.02
schiavone; 207; 366.08; 101.63; 149.15
sput; 77; 178.23; 66.17; 69.51
underdrag; 336; 7.29; 15.5; 59.78
stiffening; 74; 394.11; 118.94; 136.88
indican; 213; 384.95; 183.13; 191.05
obnebulate; 288; 99.27; 80.89; 109.52
hydrophobe; 138; 219.49; 152.54; 196.07
filiality; 265; 222.0; 71.03; 117.75
beauteously; 216; 263.76; 138.81; 185.47
acridone; 334; 452.88; 89.07; 108.71
esconson; 394; 222.11; 133.64; 146.73
metronymic; 369; 204.32; 7.76; 138.65
kalogeros; 371; 5.22; 57.28; 170.44
forisfamiliate; 27; 454.09; 59.14; 203.8
pancreatoduodenectomy; 134; 449.4; 74.88; 162.95
crotchetiness; 17; 491.36; 56.22; 133.5
ovotestis; 163; 284.59; 179.15; 186.97
coversine; 152; 216.68; 184.62; 198.25
thorned; 181; 321.13; 174.54; 195.91
peliosis; 227; 48.93; 131.53; 173.94
postdisseizor; 307; 118.34; 23.66; 156.07
handbanker; 326; 143.57; 35.51; 193.5
emmenology; 59; 472.36; 107.33; 118.49
phthalocyanine; 411; 99.0; 161.15; 166.3
mendaciousness; 158; 215.71; 141.54; 185.07
ulster; 40; 5.33; 84.99; 117.74
phaneroglossate; 276; 274.84; 193.81; 196.5
charer; 212; 227.08; 130.1; 143.79
trochoides; 121; 442.17; 77.77; 173.39
reoxidation; 90; 153.63; 122.59; 144.73
citrine; 15; 206.37; 188.25; 192.71
scutum; 138; 486.31; 25.83; 195.59
preremuneration; 88; 445.35; 16.17; 113.16
bucconasal; 313; 388.92; 119.41; 167.18
teemfulness; 221; 261.52; 109.77; 174.04
incestuously; 15; 48.52; 80.58; 87.95
lariid; 101; 230.63; 61.11; 94.96
dermatozoon; 145; 180.45; 201.1; 202.46
tapinceophalism; 82; 390.44; 154.67; 185.85
ruinously; 111; 230.49; 187.21; 200.29
gladdener; 12; 245.38; 191.96; 198.69
rabbinistical; 396; 391.66; 174.63; 195.1
millihenry; 416; 183.21; 188.87; 192.31
recelebrate; 109; 125.27; 44.03; 96.38
sequestratrix; 269; 107.7; 15.79; 95.4
Beaumontia; 250; 414.15; 123.01; 163.58
vertebra; 245; 360.37; 171.13; 194.45
inferofrontal; 312; 205.24; 136.23; 160.14
jemadar; 310; 68.53; 46.43; 116.63
blastomycetic; 232; 453.62; 130.24; 199.74
forbidden; 281; 55.05; 79.06; 169.56
gunnung; 31; 89.53; 145.77; 196.03
imperiality; 330; 361.71; 28.34; 201.38
predetermination; 110; 212.75; 54.96; 164.67
parsondom; 163; 12.51; 1.39; 41.42
cyclospondylous; 166; 70.85; 169.59; 190.61
disannexation; 104; 204.29; 71.82; 193.91
civilized; 49; 102.79; 150.71; 200.35
smother; 335; 369.18; 14.8; 69.63
teliosporic; 126; 381.91; 36.52; 102.49
trihybrid; 143; 27.59; 169.42; 202.28
Presbytis; 316; 119.93; 120.09; 122.49
checkerboard; 213; 204.94; 201.26; 201.26
axonal; 205; 201.9; 149.57; 188.18
retumescence; 285; 346.75; 99.07; 137.13
Ikhwan; 242; 36.81; 73.68; 83.74
umbral; 215; 152.45; 110.97; 166.27
chank; 141; 214.83; 4.83; 207.05
snakeship; 410; 104.73; 100.29; 198.65
nontransitional; 150; 360.2; 96.71; 164.83
Effodientia; 357; 268.15; 122.62; 149.46
Proteosaurus; 381; 103.6; 36.48; 86.09
spaer; 7; 217.84; 181.86; 184.63
unreprovable; 159; 210.04; 101.57; 206.91
unblissful; 56; 317.87; 46.18; 178.51
weeble; 264; 327.81; 72.28; 156.49
mitigate; 149; 53.96; 101.52; 130.69
gregariously; 8; 440.64; 58.11; 203.1
hyracodontid; 202; 232.97; 140.53; 178.4
trilobation; 95; 431.26; 60.9; 113.09
creolize; 138; 463.39; 132.5; 194.52
unlearning; 198; 369.71; 129.92; 160.29
gurges; 269; 225.01; 125.6; 193.03
uncalcified; 367; 141.67; 168.95; 201.06
Eurypteroidea; 261; 301.23; 182.31; 203.66
semifailure; 135; 437.57; 191.29; 193.96
unexcogitated; 145; 354.87; 129.44; 163.66
neurocirculatory; 40; 194.23; 150.85; 167.21
codefendant; 24; 86.78; 90.54; 138.39
intending; 110; 214.06; 160.26; 199.57
Homoousian; 224; 348.6; 37.55; 142.69
confrere; 32; 436.59; 6.88; 88.82
disinfectant; 211; 37.93; 29.61; 175.99
connectant; 352; 381.28; 47.15; 65.21
owly; 158; 409.72; 202.74; 202.81
enterocinesia; 354; 35.63; 103.2; 171.19
adonin; 400; 232.27; 183.96; 196.6
turbot; 404; 457.25; 192.34; 201.36
repattern; 11; 221.48; 20.22; 183.45
Tachyglossidae; 413; 272.93; 31.98; 76.88
Covarecas; 219; 320.26; 137.69; 165.51
feltwork; 392; 340.43; 179.75; 185.19
postnodular; 87; 382.42; 103.61; 193.03
procerebrum; 154; 317.79; 31.95; 57.81
dispute; 177; 261.83; 17.45; 141.14
pinninerved; 161; 116.03; 28.57; 195.94
genetous; 177; 36.07; 25.32; 118.75
moskeneer; 25; 100.7; 19.25; 134.3
mistfall; 291; 204.43; 174.03; 202.6
wineless; 24; 402.07; 166.48; 191.98
subspecialty; 310; 286.66; 66.19; 80.7
skeg; 246; 486.36; 137.48; 182.25
jabberer; 181; 286.94; 196.62; 203.41
crenology; 190; 230.07; 35.27; 169.96
hyracid; 262; 410.55; 127.98; 154.88
hydroborofluoric; 276; 419.09; 46.21; 124.42
Aristides; 133; 133.06; 119.32; 191.46
cogitabundly; 276; 203.35; 37.65; 91.36
telekinematography; 57; 112.81; 93.03; 163.26
pacative; 60; 472.97; 172.31; 175.16
ragule; 64; 237.51; 172.26; 188.54
blinkingly; 209; 67.79; 79.53; 200.04
underbear; 153; 174.52; 169.53; 205.05
oliniaceous; 33; 184.7; 73.71; 183.2
chondrodystrophia; 352; 341.23; 120.72; 191.76
anomy; 361; 298.55; 63.76; 145.45
alem; 209; 456.06; 63.05; 97.65
Vulpeculid; 311; 66.99; 101.15; 122.09
iatrophysical; 130; 242.1; 172.66; 178.73
waird; 64; 318.67; 107.81; 108.88
mineral; 207; 445.87; 121.86; 161.68
whiskered; 315; 493.14; 129.63; 173.98
enclitic; 409; 197.52; 99.09; 206.89
208, 98, 262, 363, 267, 129, 57, 90, 115, 202, 5, 182, 411, 356, 359, 12, 47, 174, 66, 128, 282, 275, 7, 367, 11, 409, 310, 384, 377, 87, 383, 138, 165, 137, 232, 76, 123, 85, 274, 354, 380, 116, 364, 15, 246, 349, 183, 263, 334, 357, 63
360, 300, 63, 173, 291, 188, 290, 241, 268, 283, 216, 177, 22, 292, 345, 219, 166, 130, 194, 347, 161, 342, 200, 171, 251, 274, 122, 121, 325, 20
412, 73, 297, 272, 131, 21, 401, 404, 339, 284, 57, 52, 4, 241, 220, 393, 59, 87, 348, 189, 150, 238, 256, 274, 301, 308, 68, 106, 78, 156, 292, 317, 232
24, 264, 221, 226, 100, 125, 399, 136, 160, 254, 332, 73, 407, 389, 243, 120, 84, 251, 30, 1, 256, 178, 174, 189, 373, 298, 97, 303, 250, 92, 212, 235, 11, 5, 66, 22, 310, 280, 215, 3, 246, 155, 46, 41, 161, 129, 90, 179, 318, 375, 200, 287
136, 250, 8, 241, 73, 219, 18, 63, 156, 321, 133, 227, 370, 59
86, 189, 122, 298, 216, 372, 197, 378
15, 264, 155, 91, 317, 183, 336, 142, 362, 171, 130, 107, 203, 198, 350, 357, 314, 209, 292, 17, 409, 61, 377, 208, 67, 137, 289, 82, 308, 4, 187, 135, 147, 281, 226, 143, 335, 41, 245, 174, 401
70, 59, 63, 57, 179, 151, 161, 142, 154, 172, 293, 43, 344, 114, 124, 39, 209, 48, 69, 98, 354, 182, 400, 248, 311, 362, 194, 316, 88, 229, 368, 84, 34, 18, 259, 398, 54, 416, 387, 391, 85, 76, 71, 262, 249, 312, 99, 6, 397, 113, 234, 380, 181, 306, 196, 222, 328, 413, 159, 333, 62, 346, 381, 373, 139, 51, 359, 92, 203, 127, 162, 117, 274, 321, 298, 268, 135, 297
296, 123, 17, 43, 28, 261, 184, 216
190, 172, 153, 12, 290, 192, 343, 131, 173, 93, 380, 360, 261, 357, 199, 396, 108, 362, 126, 48, 370, 86, 66, 79, 351, 211, 374, 224, 24, 307
101, 179, 339, 206, 251, 3, 388, 157, 171, 235, 39, 374, 152, 167, 381, 227, 230, 120, 410, 240, 108, 19, 320, 189, 405, 190, 321, 316, 364, 51
68, 202, 22, 168, 354, 175, 139, 273, 250, 154, 65, 311, 40, 107, 195, 75, 214, 381, 239, 340, 276, 397, 146, 35, 183, 103
177, 256, 362, 90, 301, 88, 34, 354, 223, 168, 320, 243, 368, 244, 402, 140, 400, 30, 111, 192, 64, 31, 245, 247, 273, 164, 395, 191, 230, 136, 382, 246, 338, 390, 331, 369, 81, 274, 311, 203, 303, 127, 344, 161, 20, 260, 215, 188, 216, 4, 305, 212, 106, 87, 324, 53, 128, 259, 56, 35, 207, 10, 6, 62, 18, 295, 165, 355, 359, 288, 341, 318, 231, 132, 12, 41
400, 272, 140, 265, 193, 305, 78, 293, 119, 314, 101, 213, 273, 178
391, 54, 107, 165, 293, 290, 128, 378, 280, 325, 308, 263, 98, 289, 238, 288, 32, 10, 218, 30, 225, 61, 117, 92, 192, 6, 53, 184, 168, 229, 392, 255, 215, 127, 242, 321, 223, 231, 77, 222, 297, 57, 221, 410, 235, 66, 26, 64
155, 101, 383, 352, 76, 381, 214, 216, 134, 113, 83, 20, 385, 315, 269, 411, 382, 263, 256, 229, 139, 50, 232, 87, 194, 122, 95, 335, 65, 103, 395, 145, 9, 380, 374, 239, 58, 198, 319, 326, 80, 222, 153, 62, 318, 403, 159, 48, 85, 231, 183, 201, 228, 324, 27, 114, 401
202, 243, 72, 245, 67, 120, 74, 71, 26, 62, 280, 184, 386, 34, 263, 160, 168, 196, 302, 340, 46, 9, 173, 192, 17, 352, 312, 97, 264, 156, 221, 346, 123, 159, 313, 347, 229, 377, 295, 73, 409, 392, 22, 241, 149, 240, 357, 95, 176, 238, 320, 345, 232, 408, 143, 270, 31, 203, 7, 77, 52, 186, 151
91, 229, 208, 403, 366, 247, 113, 114, 196, 405, 172, 78, 153, 143, 400, 339, 179, 263, 334, 152, 49, 376, 5, 213, 211, 215, 413, 395, 326, 221, 267, 117, 219, 380, 371, 284, 242, 147, 384, 112, 93, 85, 151, 162, 141, 349, 236, 330, 34, 281, 225, 256, 234, 81, 16, 84, 337, 48, 201, 166, 52, 246, 237, 348, 9, 293, 160, 104, 351, 198, 28, 347, 100, 277, 36, 222, 27, 287, 1, 324
