1632355569
1717229054
50
20
a_1; 1; 43389657; 12907429; 3289273.51
a_2; 2; 18856536; 12051830; 96362624.33
a_3; 3; 40788907; 166231686; 167290689.62
a_4; 4; 28626731; 11846116; 72833505.73
a_5; 5; 32564537; 156666711; 530298690.94
a_6; 6; 115295249; 128244111; 197545451.23
a_7; 7; 98853938; 45381481; 715772340.73
a_8; 8; 58793083; 124112909; 1271945521.1
a_9; 9; 83430679; 105690783; 905310110.4
a_10; 10; 159583361; 164695779; 1246688427.85
a_11; 11; 112728414; 71233698; 273282517.23
a_12; 11; 142310284; 127068858; 1499595691.21
a_13; 12; 5079918; 41153264; 239597875.63
a_14; 13; 58729887; 71623109; 902100653.72
a_15; 14; 120777361; 59141237; 1377128182.83
a_16; 15; 63041525; 168510416; 1014125061.93
a_17; 16; 31725871; 88215371; 785560272.13
a_18; 17; 136478074; 41561553; 104157847.94
a_19; 18; 111927206; 60972461; 763063112
a_20; 19; 145519810; 60368225; 1516627825
a_21; 20; 151702427; 107794154; 633081905
a_22; 21; 16955147; 86330627; 583605617
a_23; 22; 27017262; 21624008; 1307806955
a_24; 23; 93122920; 56406953; 995994569
a_25; 24; 36669963; 155397261; 526467867
a_26; 25; 120287478; 54083180; 583640252
a_27; 26; 109074767; 108485642; 960230804
a_28; 27; 34625970; 86266860; 1705381556
a_29; 28; 17518673; 164960668; 470275589
a_30; 29; 77098557; 124905137; 1530454514
a_31; 30; 127394454; 162241311; 1414226973
a_32; 31; 100735873; 78396390; 1449819396
a_33; 32; 7248758; 41373021; 1265756602
a_34; 33; 45549252; 114894366; 703060135
a_35; 34; 5870153; 137049383; 587886282
a_36; 35; 41210614; 13742682; 483783653
a_37; 36; 159436379; 109052283; 217910517
a_38; 37; 82020588; 30050137; 973762035
a_39; 38; 45365361; 43661298; 958077654
a_40; 39; 57389775; 97555747; 644074511
a_41; 40; 21960947; 34312815; 928332268
a_42; 41; 3429299; 3556943; 788731185
a_43; 42; 66209238; 49875101; 174090748
a_44; 43; 69355253; 123694755; 1704201057
a_45; 44; 29713920; 113621172; 323353189
a_46; 45; 20040068; 82003015; 1030773633
a_47; 46; 161903048; 93796720; 1056293023
a_48; 47; 115223207; 139183144; 872650931
a_49; 48; 16340398; 36443478; 627453357
a_50; 49; 8179368; 95197562; 668583446
0, 1
4, 12
3, 5
5, 7, 2
12, 24, 36
14, 17, 19
32, 38, 31
21, 36, 22
17, 12, 11
1, 6, 28
4, 26, 39
1, 23, 26
4, 17, 18
19, 32, 15
2, 4, 22
3, 33
17, 31
3, 37, 34
12, 19, 20
10, 20, 30