1815822936
1561160437
50
20
a_1; 1; 160335372; 153975621; 1548635
a_2; 2; 179162630.23; 7669167; 151457489
a_3; 3; 88591507; 122279977.63; 145655930
a_4; 4; 121012164; 19985669; 152164772.22
a_5; 5; 51960118; 123583758; 152512782.53
a_6; 6; 15840228.24; 62728265.57; 63259541.23
a_7; 7; 120842718; 67129575; 75288176.53
a_8; 8; 171448496; 112660737; 115295021.64
a_9; 9; 178726136; 63861189; 110859492.52
a_10; 10; 141377010; 140041906; 150883382.25
a_11; 11; 17614653; 56159418; 148551881.25
a_12; 11; 64148601; 104908901; 122460071.36
a_13; 12; 120468181.23; 25322239; 122815509.73
a_14; 13; 69896368; 74538054; 147309541.85
a_15; 14; 145228334; 61946404; 134054213.25
a_16; 15; 81822110; 103187231; 154896400.37
a_17; 16; 127042328; 24045011; 47913435.73
a_18; 17; 127380475; 44603692.52; 51864385.73
a_19; 18; 42107615; 14138608; 112597847.21
a_20; 19; 147554387; 85550690; 116474956.26
a_21; 20; 18517595; 121974988; 126926826.83
a_22; 21; 68756042; 41085749; 128326004.43
a_23; 22; 175934403; 54498754; 132845128.37
a_24; 23; 115349628; 130286438; 142751420.96
a_25; 24; 3258620; 112176935; 114261268.24
a_26; 25; 102072261; 6401999; 132639390.64
a_27; 26; 152004203; 149878375; 154776952.28
a_28; 27; 5868348; 9187118; 37925521.37
a_29; 28; 75147754; 55216944; 146439760.28
a_30; 29; 78720003; 13119513; 115834890.46
a_31; 30; 162017373; 147989417; 148787263.95
a_32; 31; 173238935; 60780543; 98551609.31
a_33; 32; 60864941; 53834115; 123277552
a_34; 33; 89956317; 47044570; 59192531
a_35; 34; 2525194; 75369840; 94543976
a_36; 35; 17492337; 8398582; 87112892
a_37; 36; 131575401; 129858; 97901034
a_38; 37; 91791251; 50673546; 60106858
a_39; 38; 36704229; 64996591; 72106062
a_40; 39; 75628841; 111571209; 124278351
a_41; 40; 106805280; 71645765; 118819299
a_42; 41; 176605197; 123704005; 129168727
a_43; 42; 62006637; 51210241; 100463755
a_44; 43; 67349593; 139675942; 153426421
a_45; 44; 6041438; 63828147; 146120040
a_46; 45; 69350365; 9071950; 30791813
a_47; 46; 20125237; 130505673; 145060750
a_48; 47; 140841384; 71728456; 76383493
a_49; 48; 137512563; 132388539; 138327340
a_50; 49; 115800300; 30211509; 105414753
0, 1
4, 12
3, 5
5, 7, 2
12, 24, 36
14, 17, 19
32, 38, 31
21, 36, 22
17, 12, 11
1, 6, 28
4, 26, 39
1, 23, 26
4, 17, 18
19, 32, 15
2, 4, 22
3, 33
17, 31
3, 37, 34
12, 19, 20
10, 20, 30