50
50
50
56
rock_1; 0; 1; 1; 2
rock_2; 1; 1; 1; 2
rock_3; 2; 1; 1; 2
rock_4; 3; 1; 1; 2
rock_5; 4; 1; 1; 2
rock_6; 5; 1; 1; 2
rock_7; 6; 1; 1; 2
rock_8; 7; 1; 1; 2
rock_9; 8; 1; 1; 2
rock_10; 9; 1; 1; 2
rock_11; 10; 1; 1; 2
rock_12; 11; 1; 1; 2
rock_13; 12; 1; 1; 2
rock_14; 13; 1; 1; 2
rock_15; 14; 1; 1; 2
rock_16; 15; 1; 1; 2
rock_17; 16; 1; 1; 2
rock_18; 17; 1; 1; 2
rock_19; 18; 1; 1; 2
rock_20; 19; 1; 1; 2
rock_21; 20; 1; 1; 2
rock_22; 21; 1; 1; 2
rock_23; 22; 1; 1; 2
rock_24; 23; 1; 1; 2
rock_25; 24; 1; 1; 2
rock_26; 25; 1; 1; 2
rock_27; 26; 1; 1; 2
rock_28; 27; 1; 1; 2
rock_29; 28; 1; 1; 2
rock_30; 29; 1; 1; 2
rock_31; 30; 1; 1; 2
rock_32; 31; 1; 1; 2
rock_33; 32; 1; 1; 2
rock_34; 33; 1; 1; 2
rock_35; 34; 1; 1; 2
rock_36; 35; 1; 1; 2
rock_37; 36; 1; 1; 2
rock_38; 37; 1; 1; 2
rock_39; 38; 1; 1; 2
rock_40; 39; 1; 1; 2
rock_41; 40; 1; 1; 2
rock_42; 41; 1; 1; 2
rock_43; 42; 1; 1; 2
rock_44; 43; 1; 1; 2
rock_45; 44; 1; 1; 2
rock_46; 45; 1; 1; 2
rock_47; 46; 1; 1; 2
rock_48; 47; 1; 1; 2
rock_49; 48; 1; 1; 2
rock_50; 49; 1; 1; 2
0, 1, 3, 5, 7, 9, 11
2, 4, 6, 8, 10, 12, 14
49, 48
49, 47
49, 46
49, 45
49, 44
49, 43
49, 42
49, 41
49, 40
49, 39
49, 38
49, 37
49, 36
49, 35
49, 34
49, 33
49, 32
49, 31
49, 30
49, 29
49, 28
49, 27
49, 26
49, 25
49, 24
49, 23
49, 22
49, 21
49, 20
49, 19
49, 18
49, 17
49, 16
49, 15
49, 14
49, 13
49, 12
49, 11
49, 10
49, 9
49, 8
49, 7
49, 6
49, 5
49, 4
49, 3
49, 2
49, 1
49, 0
15, 17, 19, 21, 23, 25, 27, 29, 31
14, 16, 18, 20, 22, 24, 26, 28, 30
32, 33, 39
34, 37
48, 47, 45