1
100
100
10
a; 0; 0; 10; 100
b; 1; 0; 10; 100
c; 2; 0; 10; 100
d; 3; 0; 1; 111
e; 4; 0; 10; 100
f; 5; 0; 10; 100
g; 6; 0; 10; 100
h; 7; 0; 10; 100
i; 8; 0; 10; 100
j; 9; 0; 10; 100
k; 10; 0; 10; 100
l; 11; 0; 10; 100
m; 12; 0; 10; 100
n; 13; 0; 10; 100
o; 14; 0; 10; 100
p; 15; 0; 10; 100
q; 16; 0; 10; 100
r; 17; 0; 10; 100
s; 18; 0; 1; 110
t; 19; 0; 10; 100
u; 20; 0; 10; 100
v; 21; 0; 10; 100
w; 22; 0; 1; 109
x; 23; 0; 10; 100
y; 24; 0; 10; 100
z; 25; 0; 10; 100
ab; 26; 0; 10; 100
bb; 27; 0; 10; 100
cb; 28; 0; 10; 100
db; 29; 0; 10; 100
eb; 30; 0; 10; 100
fb; 31; 0; 10; 100
gb; 32; 0; 10; 100
hb; 33; 0; 10; 100
ib; 34; 0; 10; 100
jb; 35; 0; 10; 100
kb; 36; 0; 1; 108
lb; 37; 0; 10; 100
mb; 38; 0; 10; 100
nb; 39; 0; 10; 100
ob; 40; 0; 10; 100
pb; 41; 0; 10; 100
qb; 42; 0; 10; 100
rb; 43; 0; 10; 100
sb; 44; 0; 10; 100
tb; 45; 0; 1; 107
ub; 46; 0; 10; 100
vb; 47; 0; 10; 100
wb; 48; 0; 10; 100
xb; 49; 0; 10; 100
yb; 50; 0; 10; 100
zb; 51; 0; 10; 100
ac; 52; 0; 10; 100
bc; 53; 0; 10; 100
cc; 54; 0; 10; 100
dc; 55; 0; 10; 100
ec; 56; 0; 10; 100
fc; 57; 0; 1; 106
gc; 58; 0; 10; 100
hc; 59; 0; 10; 100
ic; 60; 0; 10; 100
jc; 61; 0; 10; 100
kc; 62; 0; 10; 100
lc; 63; 0; 10; 100
mc; 64; 0; 10; 100
nc; 65; 0; 10; 100
oc; 66; 0; 10; 100
pc; 67; 0; 10; 100
qc; 68; 0; 10; 100
rc; 69; 0; 1; 105
sc; 70; 0; 10; 100
tc; 71; 0; 1; 104
uc; 72; 0; 10; 100
vc; 73; 0; 10; 100
wc; 74; 0; 10; 100
xc; 75; 0; 10; 100
yc; 76; 0; 10; 100
zc; 77; 0; 10; 100
ad; 78; 0; 10; 100
bd; 79; 0; 10; 100
cd; 80; 0; 10; 100
dd; 81; 0; 10; 100
ed; 82; 0; 10; 100
fd; 83; 0; 10; 100
gd; 84; 0; 1; 103
hd; 85; 0; 10; 100
id; 86; 0; 10; 100
jd; 87; 0; 10; 100
kd; 88; 0; 10; 100
ld; 89; 0; 10; 100
md; 90; 0; 1; 102
nd; 91; 0; 10; 100
od; 92; 0; 10; 100
pd; 93; 0; 10; 100
qd; 94; 0; 10; 100
rd; 95; 0; 10; 100
sd; 96; 0; 10; 100
td; 97; 0; 10; 100
ud; 98; 0; 10; 100
vd; 99; 0; 10; 100
0, 1, 2, 3, 4, 5, 6, 7, 8, 9, 90
10, 11, 12, 13, 14, 15, 16, 17, 18, 19, 3
20, 21, 22, 23, 24, 25, 26, 27, 28, 29, 18
30, 31, 32, 33, 34, 35, 36, 37, 38, 39, 22
40, 41, 42, 43, 44, 45, 46, 47, 48, 49, 36
50, 51, 52, 53, 54, 55, 56, 57, 58, 59, 45
60, 61, 62, 63, 64, 65, 66, 67, 68, 69, 57
70, 71, 72, 73, 74, 75, 76, 77, 78, 79, 69
80, 81, 82, 83, 84, 85, 86, 87, 88, 89, 71
90, 91, 92, 93, 94, 95, 96, 97, 98, 99, 84
