10000000
10000000
36	
3
item1;1;1;1;4
item2;1;1;1;4
item3;1;1;1;4
item4;1;1;1;4
item5;1;1;1;4
item6;1;1;1;4
item7;1;1;1;4
item8;1;1;1;4
item9;1;1;1;4
item10;1;1;1;4
item11;1;1;1;4
item12;1;1;1;4
item13;2;2;2;4
item14;2;2;2;4
item15;2;2;2;4
item16;2;2;2;4
item17;2;2;2;4
item18;2;2;2;4
item19;2;2;2;4
item20;2;2;2;4
item21;2;2;2;4
item22;2;2;2;4
item23;2;2;2;4
item24;2;2;2;3
item25;3;3;3;4
item26;3;3;3;4
item27;3;3;3;4
item28;3;3;3;4
item29;3;3;3;4
item30;3;3;3;4
item31;3;3;3;4
item32;3;3;3;4
item33;3;3;3;4
item34;3;3;3;4
item35;3;3;3;4
item36;3;3;3;3
1,2
1,3
2,3
