100
100
55
15
somewhat_heavy_rock; 0; 90; 10; 100
yes; 0; 90; 10; 1000
no; 0; 50; 1; 200
one; 0; 75; 4; 400
twenty; 0; 85; 8; 100
gem_on_sale; 1; 10; 40; 80
small_present; 1; 30; 30; 20
no1; 1; 50; 1; 20
one1; 1; 75; 4; 40
twenty1; 1; 85; 8; 10
g; 2; 4; 3; 1
h; 2; 4; 8; 6
no2; 2; 50; 1; 20
one2; 2; 75; 4; 40
twenty2; 2; 85; 8; 10
i; 3; 13; 10; 5
j; 3; 7; 1; 8
no3; 3; 50; 1; 20
one3; 3; 75; 4; 40
twenty3; 3; 85; 8; 10
d; 4; 1; 10; 10
e; 4; 1; 1; 1
no4; 4; 50; 1; 20
one4; 4; 75; 4; 40
twenty4; 4; 85; 8; 10
f; 5; 3; 3; 2
first1; 5; 60; 10; 5
no5; 5; 50; 1; 20
one5; 5; 75; 4; 40
twenty5; 5; 85; 8; 10
gem_on_sale1; 6; 10; 40; 80
small_present1; 6; 30; 30; 20
no6; 6; 50; 1; 20
one6; 6; 75; 4; 40
twenty6; 6; 85; 8; 10
g1; 7; 4; 3; 1
h1; 7; 4; 8; 6
no7; 7; 50; 1; 20
one7; 7; 75; 4; 40
twenty7; 7; 85; 8; 10
i3; 8; 13; 10; 5
j3; 8; 7; 1; 8
no8; 8; 50; 1; 20
one8; 8; 75; 4; 40
twenty8; 8; 85; 8; 10
d4; 9; 1; 10; 11
e4; 9; 1; 1; 1
no9; 9; 50; 1; 20
one9; 9; 75; 4; 40
twenty9; 9; 85; 8; 10
f9; 10; 3; 3; 2
first11111; 10; 60; 10; 5
no10; 10; 50; 1; 20
one10; 10; 75; 4; 10
twenty10; 10; 85; 8; 10
0, 1, 9, 10
0, 2, 9, 10
0, 3, 9, 10
0, 4, 9, 10
0, 5, 9, 10
0, 6, 9, 10
1, 2
1, 3
2, 3
4, 5
5, 6
7, 8
8, 4
5, 7
3, 8