123.83
159.3
1003
1019
item0, 237, 7.59, 64.88, 62.23
item1, 218, 5.41, 65.69, 95.12
item2, 272, 8.09, 69.45, 79.39
item3, 262, 7.13, 93.21, 54.33
item4, 126, 5.28, 72.6, 84.1
item5, 65, 5.84, 87.86, 84.49
item6, 3, 5.67, 67.47, 70.24
item7, 207, 3.82, 73.49, 75.03
item8, 194, 11.1, 70.81, 83.09
item9, 189, 4.69, 62.44, 51.32
item10, 25, 6.09, 64.36, 89.15
item11, 230, 11.16, 99.74, 80.47
item12, 82, 6.8, 75.09, 92.44
item13, 312, 6.93, 92.98, 50.98
item14, 235, 11.78, 65.28, 63.21
item15, 143, 2.02, 85.77, 76.11
item16, 28, 6.93, 76.26, 90.51
item17, 269, 10.39, 58.6, 63.08
item18, 82, 11.43, 79.52, 92.28
item19, 52, 11.86, 99.87, 68.54
item20, 63, 7.21, 83.1, 94.07
item21, 91, 6.91, 59.67, 56.97
item22, 255, 10.65, 74.56, 79.23
item23, 217, 5.88, 81.23, 67.08
item24, 282, 9.91, 94.07, 70.21
item25, 209, 3.46, 98.54, 77.76
item26, 296, 11.3, 80.25, 96.01
item27, 1, 11.15, 99.26, 94.71
item28, 137, 5.6, 90.63, 72.66
item29, 211, 4.05, 92.51, 76.21
item30, 328, 9.9, 71.95, 99.56
item31, 195, 10.04, 64.78, 53.52
item32, 320, 4.06, 68.75, 99.84
item33, 82, 2.64, 59.36, 68.19
item34, 87, 8.98, 91.07, 53.63
item35, 76, 3.91, 83.69, 57.98
item36, 61, 7.57, 74.02, 58.23
item37, 168, 7.83, 59.13, 87.05
item38, 170, 5.68, 67.01, 67.64
item39, 302, 12.1, 65.04, 69.41
item40, 261, 4.83, 53.02, 81.75
item41, 239, 4.82, 80.34, 66.95
item42, 171, 9.84, 89.33, 84.18
item43, 230, 2.88, 81.46, 69.61
item44, 242, 3.95, 57.74, 88.69
item45, 220, 9.18, 86.01, 69.1
item46, 221, 6.81, 91.5, 78.69
item47, 16, 7.0, 52.81, 63.31
item48, 142, 9.76, 79.92, 78.95
item49, 238, 8.82, 84.86, 63.05
item50, 206, 11.61, 56.23, 62.46
item51, 229, 11.84, 82.07, 51.55
item52, 71, 3.93, 54.31, 84.29
item53, 277, 11.71, 67.31, 79.78
item54, 143, 3.42, 56.17, 98.76
item55, 305, 8.27, 79.58, 83.7
item56, 25, 9.07, 72.36, 92.38
item57, 174, 3.57, 58.86, 76.74
item58, 321, 2.18, 85.57, 97.72
item59, 252, 8.6, 56.63, 57.63
item60, 187, 4.63, 86.12, 50.74
item61, 148, 5.84, 94.78, 55.08
item62, 306, 11.3, 96.67, 96.14
item63, 54, 2.56, 67.71, 65.95
item64, 314, 5.82, 74.71, 50.7
item65, 3, 5.27, 79.84, 60.94
item66, 332, 6.47, 50.35, 58.07
item67, 293, 2.55, 67.61, 83.91
item68, 140, 7.74, 93.32, 95.18
item69, 103, 7.68, 55.39, 81.17
item70, 99, 11.83, 81.78, 50.03
item71, 210, 7.78, 65.73, 66.82
item72, 231, 2.99, 64.33, 96.91
item73, 152, 4.6, 89.86, 89.45
item74, 222, 6.49, 70.03, 60.62
item75, 92, 9.61, 88.25, 85.32
item76, 318, 10.14, 86.91, 75.78
item77, 163, 11.59, 69.96, 62.69
item78, 147, 4.2, 78.53, 52.35
item79, 305, 9.81, 56.71, 65.57
item80, 309, 11.08, 77.22, 93.38
item81, 131, 7.63, 67.12, 78.64
item82, 116, 1.93, 63.37, 65.92
item83, 235, 8.7, 81.98, 73.06
item84, 39, 10.46, 63.51, 78.85
item85, 125, 10.46, 99.98, 56.11
item86, 291, 2.48, 70.71, 67.45
item87, 156, 6.01, 66.07, 60.09
item88, 10, 1.34, 85.55, 60.54
item89, 40, 8.85, 99.57, 74.81
item90, 217, 8.09, 69.94, 94.53
item91, 54, 7.0, 50.73, 60.05
item92, 211, 11.51, 51.24, 98.32
item93, 53, 10.74, 91.25, 77.41
item94, 78, 1.9, 98.41, 83.9
item95, 191, 6.05, 52.09, 88.66
item96, 102, 6.75, 54.58, 67.46
item97, 1, 11.63, 61.99, 92.07
item98, 314, 5.21, 74.01, 63.9
item99, 156, 9.95, 87.64, 77.3
item100, 127, 8.34, 56.48, 67.51
item101, 313, 2.64, 90.38, 99.11
item102, 303, 3.55, 86.81, 76.82
item103, 38, 10.12, 64.97, 51.89
item104, 319, 10.05, 60.08, 58.77
item105, 253, 6.24, 51.04, 85.52
item106, 253, 2.03, 77.66, 60.05
item107, 303, 10.65, 98.3, 60.23
item108, 219, 4.61, 96.83, 64.54
item109, 46, 7.04, 96.63, 73.36
item110, 117, 7.11, 61.73, 78.13
item111, 47, 5.7, 99.54, 74.8
item112, 276, 11.11, 57.55, 52.28
item113, 72, 7.62, 56.8, 64.17
item114, 8, 9.5, 57.73, 79.49
item115, 4, 10.15, 98.71, 65.28
item116, 227, 11.85, 69.7, 89.81
item117, 279, 3.02, 92.51, 57.03
item118, 314, 7.38, 52.5, 92.25
item119, 185, 6.62, 97.15, 88.58
item120, 207, 9.83, 66.03, 51.63
item121, 154, 11.34, 91.78, 67.57
item122, 314, 12.0, 92.9, 52.65
item123, 215, 3.83, 84.82, 67.34
item124, 118, 4.36, 69.78, 54.05
item125, 66, 9.91, 62.5, 94.53
item126, 323, 9.42, 64.11, 96.84
item127, 257, 5.22, 91.68, 93.8
item128, 90, 12.16, 79.58, 76.04
item129, 72, 5.3, 56.74, 68.9
item130, 142, 9.32, 92.32, 50.16
item131, 285, 7.76, 86.79, 74.29
item132, 165, 3.67, 73.3, 92.5
item133, 99, 2.77, 60.42, 82.83
item134, 119, 1.37, 80.26, 66.98
item135, 159, 2.73, 98.86, 90.06
item136, 177, 2.84, 73.76, 71.47
item137, 286, 6.71, 81.39, 83.73
item138, 24, 3.68, 65.87, 80.69
item139, 71, 8.68, 87.21, 60.33
item140, 275, 1.46, 97.2, 63.28
item141, 283, 9.5, 82.88, 97.62
item142, 64, 6.3, 98.78, 65.17
item143, 286, 11.49, 77.76, 84.16
item144, 294, 8.64, 99.08, 76.27
item145, 47, 10.15, 67.13, 99.39
item146, 181, 10.1, 78.86, 75.9
item147, 12, 10.72, 85.98, 55.68
item148, 39, 6.22, 90.94, 85.97
item149, 149, 3.58, 77.26, 52.97
item150, 327, 1.34, 97.41, 58.32
item151, 243, 5.22, 68.96, 98.26
item152, 242, 3.13, 68.6, 56.75
item153, 189, 6.29, 70.02, 93.73
item154, 53, 10.27, 69.48, 53.12
item155, 226, 3.02, 60.0, 57.45
item156, 113, 5.27, 51.5, 90.04
item157, 8, 3.94, 71.56, 60.87
item158, 131, 9.51, 91.24, 83.51
item159, 8, 4.25, 90.86, 82.0
item160, 276, 12.35, 79.34, 58.27
item161, 65, 9.8, 98.9, 57.8
item162, 312, 10.78, 94.94, 72.34
item163, 179, 11.77, 78.06, 75.83
item164, 171, 8.19, 73.01, 59.14
item165, 222, 5.94, 96.84, 92.16
item166, 290, 5.34, 93.63, 81.98
item167, 306, 6.59, 55.02, 84.59
item168, 271, 4.54, 64.43, 72.96
item169, 277, 7.26, 65.93, 66.61
item170, 127, 7.1, 78.08, 66.33
item171, 207, 11.16, 54.58, 93.43
item172, 204, 2.17, 70.71, 65.2
item173, 135, 7.88, 86.74, 99.46
item174, 50, 9.02, 83.09, 92.04
item175, 83, 5.47, 65.53, 84.54
item176, 295, 6.73, 96.62, 52.71
item177, 49, 11.3, 52.01, 65.61
item178, 78, 6.58, 84.48, 96.78
item179, 287, 2.98, 89.43, 88.29
item180, 118, 3.73, 80.31, 82.37
item181, 273, 8.6, 70.71, 61.82
item182, 194, 1.91, 91.56, 51.21
item183, 64, 5.67, 92.55, 89.06
item184, 8, 9.8, 61.09, 75.44
item185, 165, 10.72, 88.21, 55.02
item186, 269, 5.16, 53.27, 72.67
item187, 140, 4.87, 65.42, 63.14
item188, 97, 9.91, 55.57, 50.86
item189, 235, 7.65, 83.1, 70.56
item190, 203, 3.73, 64.98, 62.38
item191, 51, 4.24, 86.23, 82.65
item192, 294, 5.38, 80.05, 70.47
item193, 62, 6.28, 68.25, 75.04
item194, 187, 7.39, 86.42, 93.57
item195, 119, 9.68, 88.52, 73.09
item196, 28, 7.72, 71.86, 66.85
item197, 272, 9.11, 84.68, 55.01
item198, 187, 9.33, 71.61, 78.71
item199, 205, 1.96, 53.89, 83.03
item200, 294, 7.8, 82.65, 60.72
item201, 250, 4.04, 94.77, 52.45
item202, 311, 11.4, 72.09, 74.97
item203, 16, 4.16, 85.71, 79.77
item204, 57, 10.92, 88.46, 88.08
item205, 228, 8.77, 59.5, 64.82
item206, 211, 12.17, 58.79, 74.12
item207, 237, 6.09, 83.19, 90.55
item208, 18, 8.36, 53.47, 72.48
item209, 138, 8.92, 99.82, 89.62
item210, 133, 2.72, 68.7, 68.47
item211, 21, 11.39, 77.04, 91.08
item212, 295, 12.25, 78.21, 76.23
item213, 132, 5.4, 78.57, 82.05
item214, 145, 1.63, 64.2, 69.81
item215, 289, 6.11, 59.61, 54.1
item216, 38, 7.81, 95.16, 51.92
item217, 190, 6.91, 78.84, 65.24
item218, 150, 3.54, 99.66, 72.06
item219, 184, 10.6, 67.85, 86.62
item220, 95, 5.51, 89.7, 57.64
item221, 278, 4.89, 57.63, 86.32
item222, 183, 6.44, 68.89, 71.43
item223, 105, 11.8, 72.09, 86.83
item224, 303, 11.41, 66.97, 80.75
item225, 153, 11.87, 84.11, 59.41
item226, 37, 4.9, 83.99, 89.4
item227, 326, 8.86, 85.1, 69.08
item228, 241, 3.04, 60.17, 60.89
item229, 262, 7.83, 87.97, 51.56
item230, 56, 1.47, 89.13, 61.86
item231, 321, 11.14, 60.89, 64.06
item232, 271, 5.42, 85.24, 87.45
item233, 309, 8.12, 56.23, 53.72
item234, 76, 11.04, 70.87, 98.07
item235, 149, 6.39, 76.95, 59.47
item236, 246, 2.32, 65.34, 54.21
item237, 201, 2.9, 93.7, 77.11
item238, 324, 8.2, 92.55, 61.59
item239, 310, 6.57, 78.06, 56.26
item240, 292, 6.73, 68.94, 76.11
item241, 251, 10.07, 90.62, 75.4
item242, 216, 11.07, 61.46, 84.78
item243, 241, 5.64, 82.43, 92.02
item244, 330, 9.6, 73.92, 80.12
item245, 4, 1.3, 98.59, 83.99
item246, 196, 8.73, 94.22, 99.99
item247, 258, 7.22, 86.46, 97.06
item248, 184, 2.48, 97.15, 61.4
item249, 78, 11.7, 84.29, 93.92
item250, 250, 7.91, 59.01, 91.37
item251, 150, 4.9, 51.61, 90.14
item252, 52, 4.92, 95.42, 53.49
item253, 149, 7.52, 83.48, 87.96
item254, 280, 10.42, 65.04, 51.48
item255, 179, 12.34, 64.63, 82.69
item256, 246, 11.03, 68.75, 59.63
item257, 332, 8.89, 91.89, 57.5
item258, 214, 4.74, 91.79, 93.55
item259, 79, 8.32, 74.68, 76.87
item260, 146, 4.9, 54.5, 61.7
item261, 156, 12.28, 72.44, 66.74
item262, 327, 6.21, 82.83, 89.61
item263, 285, 2.41, 50.73, 80.81
item264, 5, 9.71, 94.25, 71.59
item265, 192, 11.71, 78.16, 77.94
item266, 246, 6.58, 86.88, 58.41
item267, 295, 10.81, 86.32, 89.22
item268, 215, 9.38, 95.72, 83.89
item269, 135, 2.27, 94.45, 92.17
item270, 322, 11.74, 55.17, 52.35
item271, 250, 9.98, 92.94, 61.49
item272, 310, 1.78, 85.75, 74.9
item273, 54, 11.54, 86.78, 52.13
item274, 57, 7.24, 67.0, 65.13
item275, 64, 3.25, 83.04, 89.49
item276, 226, 6.03, 85.21, 94.14
item277, 113, 10.04, 71.8, 94.89
item278, 6, 8.6, 94.7, 50.14
item279, 313, 6.1, 95.34, 81.39
item280, 223, 9.97, 87.34, 90.83
item281, 287, 4.91, 72.35, 74.61
item282, 299, 9.29, 62.17, 90.17
item283, 261, 1.38, 87.4, 68.54
item284, 299, 10.51, 80.36, 68.09
item285, 63, 10.07, 74.68, 75.35
item286, 133, 10.05, 77.63, 90.24
item287, 325, 7.57, 80.87, 77.24
item288, 141, 5.9, 95.76, 56.9
item289, 56, 7.96, 73.97, 52.72
item290, 79, 3.32, 60.0, 79.89
item291, 223, 7.82, 96.46, 80.84
item292, 18, 8.09, 59.12, 69.83
item293, 205, 7.7, 82.88, 91.06
item294, 185, 11.47, 66.8, 91.18
item295, 326, 6.49, 69.02, 67.46
item296, 53, 11.15, 78.37, 85.66
item297, 83, 11.99, 84.63, 77.55
item298, 124, 3.13, 65.68, 86.59
item299, 237, 7.57, 96.92, 92.77
item300, 289, 12.38, 96.4, 55.93
item301, 184, 4.19, 73.7, 98.19
item302, 141, 7.26, 78.94, 85.54
item303, 252, 12.13, 60.07, 58.92
item304, 72, 8.91, 58.65, 91.35
item305, 322, 6.75, 94.99, 96.43
item306, 72, 6.19, 82.97, 93.82
item307, 67, 9.06, 64.4, 67.74
item308, 174, 9.02, 63.17, 94.37
item309, 239, 11.78, 90.34, 80.07
item310, 328, 2.32, 65.08, 97.79
item311, 289, 10.08, 76.07, 88.96
item312, 216, 3.35, 85.02, 64.45
item313, 163, 3.17, 80.07, 77.23
item314, 160, 9.76, 65.17, 69.74
item315, 317, 3.48, 73.54, 66.47
item316, 272, 7.93, 70.53, 76.96
item317, 207, 5.39, 62.39, 92.28
item318, 246, 9.08, 75.88, 95.83
item319, 29, 11.86, 51.58, 81.29
item320, 247, 7.14, 86.24, 86.85
item321, 178, 10.38, 69.28, 61.34
item322, 290, 7.62, 51.16, 86.67
item323, 140, 5.5, 74.51, 92.18
item324, 108, 5.66, 82.01, 78.99
item325, 210, 9.53, 65.98, 93.65
item326, 20, 10.02, 83.52, 74.17
item327, 207, 11.05, 56.55, 58.18
item328, 148, 6.15, 65.02, 91.82
item329, 41, 4.03, 98.27, 78.01
item330, 88, 10.54, 79.01, 55.8
item331, 61, 4.3, 82.87, 98.77
item332, 104, 9.88, 82.55, 75.15
item333, 208, 2.05, 53.06, 86.89
item334, 54, 2.24, 86.91, 54.81
item335, 241, 8.22, 96.08, 75.56
item336, 77, 6.07, 86.23, 55.87
item337, 129, 2.81, 68.71, 86.87
item338, 177, 4.21, 89.87, 81.96
item339, 228, 6.23, 98.82, 82.12
item340, 14, 1.24, 77.96, 92.91
item341, 236, 2.08, 90.12, 51.3
item342, 237, 9.73, 64.92, 84.76
item343, 266, 3.66, 86.47, 72.87
item344, 37, 6.87, 65.3, 98.38
item345, 179, 1.83, 63.2, 61.9
item346, 2, 12.34, 60.98, 84.86
item347, 111, 5.05, 81.01, 92.84
item348, 85, 3.57, 91.74, 84.66
item349, 136, 10.14, 58.23, 56.39
item350, 197, 7.04, 85.1, 94.84
item351, 7, 10.34, 77.39, 90.63
item352, 85, 10.88, 90.78, 70.49
item353, 34, 3.46, 80.7, 73.35
item354, 244, 9.41, 72.81, 58.92
item355, 102, 2.69, 71.81, 52.24
item356, 1, 3.84, 69.86, 95.66
item357, 280, 5.69, 65.57, 76.48
item358, 258, 10.57, 77.49, 74.21
item359, 42, 9.93, 92.09, 54.77
item360, 188, 5.38, 52.99, 78.03
item361, 121, 9.25, 58.73, 90.2
item362, 167, 9.36, 54.03, 93.17
item363, 42, 1.58, 78.45, 85.67
item364, 31, 2.05, 90.39, 60.41
item365, 162, 1.24, 94.56, 79.3
item366, 145, 5.1, 67.85, 59.91
item367, 36, 5.67, 80.71, 72.06
item368, 215, 11.68, 95.57, 54.56
item369, 161, 3.06, 88.45, 61.03
item370, 146, 5.97, 99.18, 93.97
item371, 224, 6.52, 83.79, 90.12
item372, 304, 1.54, 99.79, 88.68
item373, 277, 3.51, 66.41, 98.68
item374, 66, 4.26, 76.55, 92.07
item375, 44, 8.47, 71.98, 98.77
item376, 90, 6.83, 64.11, 54.86
item377, 162, 10.06, 57.75, 59.49
item378, 147, 2.93, 68.79, 83.96
item379, 170, 10.39, 76.57, 77.8
item380, 81, 3.97, 63.59, 91.12
item381, 139, 12.22, 75.84, 55.39
item382, 41, 9.35, 78.8, 85.0
item383, 190, 3.85, 96.89, 73.08
item384, 101, 6.53, 80.23, 69.28
item385, 179, 1.84, 51.43, 87.47
item386, 218, 1.58, 68.3, 94.41
item387, 238, 4.46, 87.97, 69.35
item388, 103, 6.2, 88.69, 98.58
item389, 150, 4.47, 56.61, 72.71
item390, 107, 8.45, 64.74, 89.49
item391, 291, 7.26, 94.32, 61.51
item392, 208, 8.75, 55.92, 50.69
item393, 313, 9.46, 90.03, 75.76
item394, 184, 7.41, 52.87, 76.23
item395, 16, 8.79, 70.0, 69.99
item396, 101, 4.55, 61.33, 91.28
item397, 287, 6.87, 83.75, 95.73
item398, 127, 7.72, 75.82, 55.62
item399, 99, 1.35, 85.01, 83.95
item400, 74, 7.57, 94.89, 74.58
item401, 326, 2.53, 83.1, 84.06
item402, 117, 8.66, 71.29, 87.0
item403, 68, 6.06, 88.49, 85.06
item404, 126, 2.16, 82.96, 77.34
item405, 142, 3.42, 63.26, 60.57
item406, 157, 9.24, 64.88, 70.58
item407, 23, 2.16, 76.97, 94.4
item408, 254, 2.82, 66.56, 90.14
item409, 111, 6.48, 99.28, 80.51
item410, 55, 7.65, 79.69, 82.04
item411, 42, 9.32, 80.78, 61.81
item412, 127, 2.37, 57.57, 64.78
item413, 321, 5.84, 99.56, 72.32
item414, 269, 4.66, 88.19, 67.15
item415, 256, 2.0, 81.82, 61.83
item416, 206, 7.28, 59.69, 55.11
item417, 96, 11.32, 71.17, 73.75
item418, 94, 5.26, 62.7, 55.32
item419, 81, 8.19, 89.27, 58.85
item420, 245, 6.59, 90.99, 99.71
item421, 253, 1.93, 64.14, 99.89
item422, 150, 11.34, 64.14, 97.81
item423, 295, 11.67, 65.86, 54.8
item424, 199, 10.23, 59.75, 69.82
item425, 180, 10.34, 79.04, 76.06
item426, 139, 10.2, 58.69, 51.32
item427, 304, 7.96, 74.25, 90.77
item428, 53, 3.95, 67.98, 99.54
item429, 259, 9.91, 86.06, 78.95
item430, 290, 5.89, 57.31, 87.44
item431, 257, 9.54, 80.9, 65.21
item432, 88, 9.71, 91.31, 67.97
item433, 186, 3.16, 70.56, 80.49
item434, 286, 2.71, 75.26, 53.33
item435, 9, 7.65, 79.36, 60.29
item436, 165, 4.2, 64.42, 99.72
item437, 90, 9.46, 67.49, 80.78
item438, 307, 6.78, 89.07, 81.48
item439, 118, 11.23, 70.31, 63.74
item440, 195, 11.63, 94.2, 51.74
item441, 42, 9.71, 85.32, 91.5
item442, 198, 1.88, 59.66, 71.13
item443, 36, 9.3, 93.55, 80.21
item444, 263, 4.13, 69.5, 53.24
item445, 3, 11.78, 54.21, 91.21
item446, 135, 9.13, 52.13, 95.16
item447, 33, 3.78, 75.17, 96.82
item448, 314, 5.8, 99.79, 62.64
item449, 72, 1.28, 93.97, 77.29
item450, 50, 5.94, 90.51, 94.0
item451, 253, 7.86, 94.33, 83.42
item452, 230, 11.7, 76.82, 74.87
item453, 291, 5.43, 88.36, 88.56
item454, 260, 11.64, 94.01, 54.43
item455, 30, 1.82, 58.45, 72.96
item456, 268, 10.43, 84.92, 77.97
item457, 202, 5.8, 67.32, 61.5
item458, 331, 2.61, 94.05, 89.27
item459, 184, 11.99, 53.26, 51.27
item460, 122, 2.34, 93.44, 58.6
item461, 166, 11.55, 83.95, 79.08
item462, 149, 2.2, 79.34, 99.49
item463, 281, 5.06, 58.63, 87.33
item464, 233, 5.42, 67.11, 97.33
item465, 233, 8.47, 72.68, 95.44
item466, 318, 7.94, 56.76, 96.66
item467, 174, 4.3, 81.8, 63.99
item468, 66, 8.34, 72.01, 77.95
item469, 197, 1.8, 85.93, 60.79
item470, 130, 12.01, 53.72, 82.65
item471, 153, 5.39, 93.11, 94.09
item472, 151, 6.68, 97.99, 76.22
item473, 126, 6.53, 52.86, 73.02
item474, 88, 9.23, 79.61, 97.93
item475, 158, 8.21, 76.15, 51.18
item476, 158, 5.96, 80.01, 57.92
item477, 178, 3.92, 92.81, 83.97
item478, 250, 4.62, 58.76, 68.56
item479, 77, 8.62, 55.33, 88.87
item480, 119, 9.09, 93.28, 98.57
item481, 265, 6.93, 81.38, 96.27
item482, 29, 10.26, 80.73, 74.93
item483, 56, 1.83, 56.06, 88.77
item484, 10, 10.5, 88.97, 98.31
item485, 61, 4.73, 53.02, 53.04
item486, 256, 6.52, 70.81, 55.48
item487, 300, 3.48, 79.72, 61.85
item488, 159, 1.89, 76.16, 82.91
item489, 256, 8.64, 52.63, 91.88
item490, 22, 7.35, 63.79, 60.14
item491, 235, 9.35, 82.86, 97.17
item492, 294, 9.44, 80.82, 60.01
item493, 279, 5.56, 81.01, 67.12
item494, 138, 1.4, 50.23, 93.7
item495, 51, 11.14, 96.91, 82.41
item496, 221, 11.88, 64.66, 93.93
item497, 158, 5.25, 91.59, 66.26
item498, 218, 10.55, 72.77, 72.81
item499, 316, 6.81, 99.31, 90.91
item500, 199, 4.59, 56.69, 78.3
item501, 8, 7.25, 67.89, 89.56
item502, 1, 9.73, 91.55, 87.53
item503, 292, 3.03, 94.48, 60.1
item504, 291, 12.33, 59.32, 92.95
item505, 104, 2.57, 59.95, 58.44
item506, 283, 4.99, 87.69, 98.12
item507, 311, 7.75, 75.32, 93.12
item508, 66, 11.89, 60.32, 64.32
item509, 157, 2.5, 65.56, 89.34
item510, 139, 3.15, 56.19, 74.34
item511, 99, 6.35, 94.38, 54.02
item512, 308, 8.37, 60.84, 90.51
item513, 227, 10.67, 98.45, 91.77
item514, 59, 5.69, 91.14, 71.92
item515, 203, 3.01, 96.39, 77.38
item516, 87, 10.06, 81.34, 78.19
item517, 254, 6.87, 52.99, 66.0
item518, 99, 6.89, 82.7, 73.05
item519, 138, 7.33, 94.1, 59.16
item520, 132, 8.82, 62.26, 55.95
item521, 270, 3.81, 72.18, 95.0
item522, 207, 1.68, 55.13, 70.88
item523, 259, 1.4, 57.96, 88.22
item524, 196, 8.18, 86.51, 55.32
item525, 187, 2.67, 61.2, 97.79
item526, 178, 5.56, 97.79, 64.09
item527, 67, 2.55, 65.62, 65.39
item528, 105, 9.4, 55.55, 94.65
item529, 322, 6.89, 52.58, 64.54
item530, 189, 8.66, 61.15, 56.91
item531, 118, 7.42, 61.95, 65.13
item532, 91, 1.99, 80.48, 74.94
item533, 328, 10.52, 92.56, 79.63
item534, 54, 11.09, 52.4, 50.03
item535, 328, 10.39, 70.79, 52.46
item536, 136, 10.42, 99.33, 72.51
item537, 120, 9.59, 84.27, 93.8
item538, 32, 7.04, 51.43, 58.42
item539, 50, 6.66, 50.01, 87.5
item540, 221, 8.13, 57.59, 65.23
item541, 167, 4.99, 59.61, 91.48
item542, 315, 12.3, 72.33, 92.28
item543, 105, 8.47, 92.53, 62.08
item544, 17, 9.06, 88.32, 93.35
item545, 182, 8.89, 79.93, 81.94
item546, 288, 4.63, 94.71, 51.83
item547, 113, 7.06, 96.35, 85.0
item548, 116, 1.36, 76.48, 77.84
item549, 75, 4.43, 68.23, 74.43
item550, 180, 6.36, 76.74, 52.02
item551, 322, 2.43, 85.65, 83.73
item552, 320, 5.0, 74.06, 87.32
item553, 262, 1.57, 67.61, 58.4
item554, 226, 9.53, 70.47, 63.04
item555, 54, 4.74, 52.02, 69.4
item556, 132, 8.68, 84.87, 84.97
item557, 119, 4.77, 91.72, 76.05
item558, 296, 4.69, 83.05, 79.48
item559, 309, 4.15, 74.71, 83.13
item560, 6, 6.16, 73.73, 53.27
item561, 62, 10.21, 66.21, 81.83
item562, 101, 5.7, 80.08, 85.05
item563, 97, 9.46, 92.78, 92.27
item564, 117, 2.88, 75.92, 84.97
item565, 76, 9.71, 74.78, 77.57
item566, 169, 12.32, 89.67, 72.43
item567, 329, 10.7, 67.03, 57.76
item568, 270, 7.2, 50.86, 78.98
item569, 64, 5.31, 98.74, 56.56
item570, 224, 11.83, 90.83, 98.27
item571, 173, 7.57, 58.05, 95.24
item572, 247, 1.5, 83.78, 97.48
item573, 209, 3.98, 79.36, 84.66
item574, 179, 2.64, 86.71, 98.76
item575, 34, 6.34, 90.99, 68.63
item576, 307, 5.65, 76.47, 65.78
item577, 275, 12.06, 56.59, 85.63
item578, 0, 7.73, 53.51, 96.37
item579, 45, 2.48, 78.76, 75.5
item580, 23, 9.06, 92.27, 56.58
item581, 168, 2.0, 81.95, 84.01
item582, 268, 5.78, 77.04, 92.25
item583, 260, 5.43, 56.04, 76.7
item584, 127, 6.29, 58.59, 97.18
item585, 283, 5.06, 65.63, 90.41
item586, 90, 8.55, 57.93, 97.46
item587, 154, 11.62, 54.04, 83.17
item588, 32, 11.97, 96.62, 86.01
item589, 161, 11.85, 91.35, 88.28
item590, 35, 11.98, 88.14, 72.26
item591, 274, 5.48, 98.49, 99.55
item592, 275, 3.97, 75.54, 95.67
item593, 178, 9.48, 91.24, 53.59
item594, 287, 8.03, 77.46, 72.71
item595, 211, 11.43, 89.87, 84.32
item596, 203, 3.03, 86.78, 60.27
item597, 287, 3.17, 77.28, 76.56
item598, 223, 8.4, 90.08, 65.84
item599, 18, 9.29, 66.8, 89.09
item600, 156, 7.8, 73.0, 57.0
item601, 78, 11.73, 55.33, 97.24
item602, 162, 8.1, 96.99, 70.71
item603, 289, 3.45, 51.71, 90.21
item604, 251, 2.59, 65.53, 51.03
item605, 238, 11.75, 75.73, 78.34
item606, 92, 8.55, 92.26, 79.24
item607, 241, 3.29, 54.04, 65.5
item608, 210, 7.78, 52.68, 60.94
item609, 90, 3.25, 86.34, 95.12
item610, 25, 9.35, 71.28, 93.44
item611, 190, 8.47, 85.94, 96.48
item612, 100, 8.94, 91.34, 67.38
item613, 245, 1.26, 73.83, 70.95
item614, 109, 6.05, 58.79, 55.95
item615, 127, 11.27, 59.43, 86.82
item616, 220, 5.35, 60.94, 91.6
item617, 196, 2.42, 81.06, 70.32
item618, 275, 1.24, 73.47, 59.55
item619, 103, 1.35, 74.65, 93.79
item620, 29, 10.6, 64.95, 70.83
item621, 120, 1.96, 79.3, 67.39
item622, 249, 11.87, 80.75, 74.31
item623, 230, 6.25, 53.1, 86.48
item624, 187, 11.09, 86.03, 69.7
item625, 24, 6.09, 68.74, 76.35
item626, 174, 3.79, 66.32, 80.87
item627, 6, 11.64, 98.59, 58.52
item628, 88, 2.43, 83.48, 61.64
item629, 284, 6.15, 82.82, 55.18
item630, 310, 1.77, 51.63, 57.27
item631, 153, 7.57, 51.77, 89.86
item632, 63, 11.59, 75.31, 94.58
item633, 187, 5.94, 69.2, 90.06
item634, 62, 12.22, 79.09, 78.27
item635, 101, 8.51, 87.75, 66.33
item636, 251, 8.46, 71.09, 74.82
item637, 95, 7.82, 63.58, 88.5
item638, 180, 6.88, 76.97, 80.52
item639, 186, 9.98, 91.16, 81.06
item640, 253, 1.77, 86.96, 74.47
item641, 163, 2.13, 89.98, 81.28
item642, 313, 8.41, 65.45, 84.61
item643, 28, 7.48, 52.46, 75.76
item644, 156, 3.81, 86.18, 92.7
item645, 311, 11.64, 82.34, 72.18
item646, 265, 3.52, 50.31, 98.19
item647, 139, 1.56, 63.91, 91.17
item648, 87, 5.3, 78.81, 74.19
item649, 57, 3.04, 80.24, 57.45
item650, 33, 10.62, 65.1, 69.92
item651, 313, 10.91, 75.95, 81.19
item652, 286, 11.73, 55.54, 67.86
item653, 275, 11.54, 59.7, 70.33
item654, 245, 2.42, 77.63, 97.54
item655, 26, 11.67, 52.68, 95.15
item656, 287, 4.92, 75.36, 68.23
item657, 70, 9.78, 72.45, 51.87
item658, 179, 6.49, 98.2, 57.41
item659, 78, 12.25, 93.1, 87.24
item660, 134, 5.85, 96.24, 52.35
item661, 46, 1.96, 82.25, 56.95
item662, 183, 10.09, 56.7, 70.79
item663, 228, 10.35, 72.69, 91.99
item664, 191, 6.01, 82.64, 65.22
item665, 200, 11.94, 76.3, 93.55
item666, 247, 5.41, 77.68, 93.55
item667, 51, 10.23, 92.45, 50.16
item668, 253, 4.45, 62.01, 75.57
item669, 97, 6.35, 75.14, 80.08
item670, 27, 1.61, 82.57, 94.65
item671, 55, 6.31, 92.08, 57.77
item672, 235, 5.98, 59.3, 79.39
item673, 305, 4.66, 81.94, 74.92
item674, 98, 6.75, 57.46, 72.92
item675, 148, 8.34, 70.64, 96.74
item676, 109, 9.51, 88.64, 82.72
item677, 20, 3.85, 91.46, 54.94
item678, 217, 3.23, 83.56, 55.91
item679, 4, 2.82, 51.04, 76.75
item680, 106, 1.29, 55.89, 82.71
item681, 80, 9.41, 82.12, 89.32
item682, 219, 9.37, 91.13, 80.01
item683, 115, 8.93, 69.1, 83.32
item684, 150, 2.37, 71.34, 92.78
item685, 178, 9.3, 69.21, 98.96
item686, 186, 11.51, 81.57, 87.61
item687, 31, 6.53, 89.95, 92.74
item688, 106, 8.09, 54.44, 55.52
item689, 255, 4.34, 56.11, 71.7
item690, 166, 3.76, 61.18, 68.68
item691, 184, 7.58, 87.37, 90.39
item692, 39, 9.58, 62.03, 96.13
item693, 245, 11.77, 63.8, 99.9
item694, 186, 5.98, 91.93, 68.0
item695, 217, 9.73, 89.89, 88.42
item696, 326, 9.44, 98.82, 79.25
item697, 222, 11.79, 66.11, 88.6
item698, 263, 7.02, 56.89, 72.16
item699, 301, 12.01, 64.04, 80.15
item700, 137, 6.51, 64.54, 93.4
item701, 231, 5.42, 71.48, 70.1
item702, 281, 1.41, 51.93, 67.91
item703, 224, 11.44, 89.45, 55.74
item704, 120, 9.57, 63.75, 92.9
item705, 131, 3.38, 62.59, 79.03
item706, 13, 9.38, 83.97, 76.04
item707, 126, 8.13, 82.43, 70.9
item708, 199, 7.25, 83.49, 58.31
item709, 261, 4.71, 67.31, 81.83
item710, 248, 3.55, 92.95, 69.95
item711, 72, 1.72, 99.16, 98.89
item712, 120, 9.67, 58.7, 93.51
item713, 185, 9.7, 73.62, 93.42
item714, 131, 6.14, 87.03, 95.46
item715, 150, 2.77, 57.22, 69.76
item716, 302, 6.97, 51.21, 56.09
item717, 17, 7.24, 54.0, 83.73
item718, 230, 5.18, 89.35, 76.0
item719, 236, 6.52, 92.44, 57.78
item720, 90, 12.34, 88.25, 60.39
item721, 243, 3.21, 99.2, 66.15
item722, 154, 3.17, 89.47, 73.33
item723, 101, 5.68, 56.06, 93.31
item724, 183, 6.22, 74.25, 77.87
item725, 265, 10.2, 80.91, 74.54
item726, 77, 8.84, 82.43, 67.1
item727, 146, 10.77, 66.71, 87.1
item728, 308, 6.39, 80.22, 78.95
item729, 157, 5.98, 86.09, 68.76
item730, 204, 10.98, 50.57, 79.76
item731, 99, 8.85, 78.0, 99.74
item732, 18, 1.6, 79.73, 85.92
item733, 94, 9.36, 67.14, 55.01
item734, 52, 1.99, 64.15, 68.6
item735, 71, 12.22, 58.01, 81.48
item736, 31, 6.33, 63.65, 82.2
item737, 221, 10.01, 56.29, 71.83
item738, 162, 2.18, 92.12, 94.73
item739, 110, 11.07, 88.46, 88.08
item740, 113, 8.56, 89.0, 86.97
item741, 27, 11.05, 76.15, 67.19
item742, 51, 12.34, 67.78, 99.34
item743, 230, 3.97, 60.53, 78.66
item744, 125, 7.56, 88.85, 55.03
item745, 312, 9.04, 96.34, 67.17
item746, 98, 7.59, 59.66, 59.71
item747, 79, 10.68, 53.49, 77.25
item748, 310, 4.26, 92.12, 99.08
item749, 221, 6.78, 52.15, 57.33
item750, 89, 11.59, 67.08, 82.63
item751, 283, 11.67, 61.46, 87.72
item752, 266, 5.06, 97.18, 92.78
item753, 6, 1.98, 57.84, 70.51
item754, 138, 9.76, 99.44, 55.72
item755, 238, 4.28, 53.79, 50.37
item756, 240, 9.98, 98.33, 55.08
item757, 130, 11.63, 70.38, 77.51
item758, 24, 7.05, 51.09, 60.61
item759, 8, 7.58, 55.05, 69.5
item760, 20, 7.62, 85.69, 84.08
item761, 220, 3.02, 76.78, 65.3
item762, 88, 7.26, 56.26, 50.93
item763, 318, 3.38, 86.79, 80.21
item764, 199, 3.64, 96.27, 50.54
item765, 228, 8.2, 65.2, 80.03
item766, 288, 4.57, 70.64, 77.63
item767, 293, 3.21, 80.24, 66.26
item768, 258, 6.89, 96.53, 85.78
item769, 80, 2.42, 75.11, 57.04
item770, 225, 2.53, 62.37, 93.07
item771, 134, 9.21, 78.99, 85.13
item772, 232, 8.88, 97.89, 59.83
item773, 192, 6.7, 70.32, 55.76
item774, 240, 6.76, 89.01, 80.63
item775, 89, 5.95, 51.72, 82.03
item776, 161, 5.33, 89.72, 50.63
item777, 310, 9.56, 56.37, 61.06
item778, 323, 3.43, 88.97, 75.7
item779, 132, 2.68, 74.54, 52.28
item780, 314, 2.53, 86.6, 89.83
item781, 139, 5.62, 60.98, 73.83
item782, 190, 9.59, 97.11, 80.31
item783, 320, 6.26, 54.32, 54.36
item784, 176, 4.12, 66.54, 60.73
item785, 93, 2.59, 79.62, 78.69
item786, 259, 11.27, 68.33, 59.39
item787, 324, 10.05, 64.23, 87.22
item788, 64, 2.95, 80.32, 84.88
item789, 2, 3.93, 61.18, 77.54
item790, 273, 4.67, 74.49, 73.12
item791, 301, 12.2, 57.69, 97.35
item792, 107, 6.46, 99.97, 65.15
item793, 160, 1.86, 95.64, 70.09
item794, 37, 2.66, 75.89, 73.04
item795, 100, 1.93, 80.83, 98.96
item796, 226, 4.38, 69.71, 57.94
item797, 44, 1.83, 96.12, 53.08
item798, 196, 9.51, 72.74, 52.62
item799, 1, 5.79, 83.08, 57.29
item800, 60, 4.21, 80.79, 83.07
item801, 131, 4.26, 83.58, 57.89
item802, 115, 11.63, 52.19, 65.76
item803, 300, 6.0, 55.91, 63.9
item804, 154, 6.57, 87.77, 95.31
item805, 4, 2.79, 54.32, 87.35
item806, 48, 7.68, 52.92, 73.49
item807, 288, 8.37, 94.13, 77.54
item808, 264, 12.21, 60.48, 98.87
item809, 295, 9.24, 91.78, 67.41
item810, 257, 11.57, 54.56, 97.18
item811, 283, 6.85, 58.33, 97.52
item812, 240, 7.66, 65.1, 56.29
item813, 118, 6.55, 58.29, 96.13
item814, 166, 11.49, 81.97, 67.65
item815, 106, 2.31, 78.04, 50.98
item816, 94, 5.58, 62.22, 74.19
item817, 283, 7.15, 65.45, 74.16
item818, 259, 1.75, 78.58, 79.8
item819, 3, 5.65, 72.67, 67.44
item820, 142, 5.19, 93.87, 93.19
item821, 61, 4.64, 75.13, 60.82
item822, 261, 7.35, 82.21, 62.46
item823, 157, 2.49, 88.22, 66.4
item824, 188, 4.88, 54.06, 73.78
item825, 3, 11.77, 87.68, 88.7
item826, 198, 10.53, 95.65, 75.37
item827, 48, 6.76, 65.0, 64.86
item828, 161, 8.27, 85.27, 72.77
item829, 187, 5.94, 71.76, 57.15
item830, 112, 11.03, 86.89, 93.59
item831, 33, 9.36, 64.4, 97.77
item832, 119, 8.55, 68.04, 57.12
item833, 26, 3.22, 80.03, 60.27
item834, 33, 11.95, 81.82, 64.49
item835, 132, 3.25, 96.43, 74.19
item836, 164, 6.97, 82.76, 76.16
item837, 216, 11.32, 89.75, 71.46
item838, 241, 3.69, 60.63, 59.07
item839, 124, 9.57, 92.7, 54.37
item840, 201, 4.56, 55.01, 61.79
item841, 55, 9.6, 79.39, 71.77
item842, 3, 10.81, 60.35, 55.44
item843, 218, 5.17, 55.13, 85.65
item844, 25, 1.3, 94.41, 71.92
item845, 173, 11.63, 88.49, 55.18
item846, 198, 5.03, 53.93, 70.81
item847, 119, 10.32, 76.67, 83.29
item848, 97, 11.21, 58.97, 63.1
item849, 28, 6.59, 83.09, 95.89
item850, 120, 8.21, 61.06, 55.57
item851, 52, 11.32, 70.34, 96.46
item852, 291, 12.36, 86.57, 71.64
item853, 72, 3.53, 62.15, 58.16
item854, 290, 11.08, 71.84, 84.04
item855, 142, 3.77, 96.51, 91.32
item856, 197, 10.24, 82.04, 86.13
item857, 218, 4.46, 55.83, 67.98
item858, 198, 6.03, 95.5, 89.46
item859, 122, 2.08, 80.54, 75.27
item860, 3, 5.14, 87.23, 72.08
item861, 76, 3.19, 54.64, 75.58
item862, 45, 9.46, 94.09, 72.46
item863, 144, 6.42, 57.95, 70.77
item864, 111, 9.8, 57.06, 62.01
item865, 183, 7.08, 58.51, 60.26
item866, 298, 9.98, 95.63, 57.43
item867, 238, 6.73, 61.81, 72.93
item868, 59, 5.01, 77.46, 60.08
item869, 323, 11.79, 50.76, 53.41
item870, 229, 2.68, 55.07, 82.32
item871, 107, 11.65, 99.41, 68.13
item872, 305, 9.32, 64.74, 65.37
item873, 232, 7.27, 97.99, 79.1
item874, 14, 6.31, 54.67, 87.68
item875, 242, 6.59, 66.18, 92.86
item876, 332, 4.11, 94.53, 75.02
item877, 91, 2.1, 67.63, 75.54
item878, 210, 12.0, 78.21, 66.77
item879, 69, 3.86, 84.65, 84.93
item880, 221, 10.09, 62.12, 83.26
item881, 14, 5.6, 85.92, 54.7
item882, 141, 12.07, 57.21, 80.54
item883, 259, 2.44, 91.75, 79.94
item884, 12, 2.04, 99.5, 76.8
item885, 295, 9.81, 92.27, 52.38
item886, 226, 3.88, 65.3, 60.66
item887, 37, 10.53, 68.98, 88.03
item888, 274, 11.11, 85.75, 92.36
item889, 194, 4.51, 57.98, 69.28
item890, 30, 9.51, 52.48, 79.64
item891, 303, 6.23, 62.16, 96.14
item892, 197, 1.36, 75.89, 59.43
item893, 88, 11.78, 85.44, 60.29
item894, 27, 5.11, 84.38, 58.72
item895, 188, 10.29, 91.53, 85.84
item896, 255, 4.95, 84.92, 91.59
item897, 108, 7.22, 73.81, 90.4
item898, 315, 6.55, 67.77, 65.88
item899, 102, 5.78, 78.03, 50.66
item900, 326, 10.01, 56.95, 62.79
item901, 281, 9.42, 83.52, 99.88
item902, 317, 3.31, 59.35, 83.07
item903, 320, 8.57, 60.64, 69.89
item904, 38, 8.99, 50.17, 61.42
item905, 301, 10.02, 84.03, 56.61
item906, 242, 1.99, 94.81, 67.46
item907, 197, 11.69, 52.01, 69.61
item908, 301, 3.84, 76.1, 90.19
item909, 187, 1.43, 93.02, 75.83
item910, 193, 8.71, 60.98, 51.87
item911, 198, 10.04, 75.73, 92.13
item912, 235, 2.31, 59.09, 85.41
item913, 313, 3.44, 76.64, 61.37
item914, 273, 4.08, 86.14, 89.16
item915, 127, 5.08, 99.64, 85.3
item916, 286, 7.54, 82.0, 57.64
item917, 312, 11.31, 75.46, 78.35
item918, 217, 9.1, 57.23, 86.59
item919, 8, 2.8, 76.38, 78.61
item920, 276, 6.8, 56.35, 85.19
item921, 178, 3.22, 87.01, 92.1
item922, 31, 9.27, 90.02, 90.08
item923, 329, 4.99, 53.04, 63.3
item924, 234, 10.1, 83.02, 90.52
item925, 1, 8.85, 99.97, 82.05
item926, 73, 10.29, 94.89, 82.01
item927, 301, 9.8, 53.79, 60.46
item928, 299, 8.18, 94.95, 90.23
item929, 269, 2.92, 96.26, 79.46
item930, 157, 9.37, 60.84, 92.51
item931, 39, 12.15, 71.17, 86.68
item932, 276, 4.0, 64.53, 61.07
item933, 132, 7.66, 81.16, 72.72
item934, 272, 11.56, 92.7, 95.84
item935, 28, 11.6, 97.06, 79.51
item936, 88, 7.94, 80.16, 54.13
item937, 132, 1.27, 82.96, 58.71
item938, 138, 3.2, 76.33, 91.65
item939, 8, 12.03, 52.21, 97.03
item940, 40, 7.73, 73.67, 92.09
item941, 209, 11.37, 59.36, 51.56
item942, 57, 8.07, 61.89, 98.51
item943, 304, 9.78, 68.24, 79.41
item944, 175, 2.87, 80.31, 99.36
item945, 21, 9.61, 83.69, 86.57
item946, 47, 3.4, 82.88, 93.91
item947, 303, 9.91, 68.51, 66.7
item948, 149, 7.57, 76.49, 88.04
item949, 295, 5.54, 86.85, 65.73
item950, 174, 8.43, 80.53, 87.69
item951, 289, 8.07, 87.45, 89.43
item952, 85, 6.85, 76.21, 69.87
item953, 17, 5.99, 59.42, 68.45
item954, 252, 9.34, 53.86, 60.42
item955, 34, 6.07, 59.03, 72.88
item956, 204, 5.36, 91.52, 58.44
item957, 97, 11.24, 62.49, 63.82
item958, 310, 8.14, 82.28, 97.94
item959, 17, 4.05, 82.47, 80.34
item960, 325, 7.71, 87.3, 60.04
item961, 178, 8.01, 90.04, 83.79
item962, 275, 4.28, 76.92, 92.86
item963, 287, 1.86, 92.55, 82.03
item964, 229, 4.3, 67.5, 82.74
item965, 43, 7.58, 66.4, 97.28
item966, 327, 1.83, 97.33, 94.7
item967, 5, 11.81, 87.96, 97.92
item968, 140, 8.36, 54.01, 66.7
item969, 90, 10.55, 98.64, 59.11
item970, 125, 6.71, 66.47, 56.49
item971, 176, 12.16, 68.28, 97.49
item972, 279, 7.86, 77.81, 65.72
item973, 105, 10.29, 50.67, 67.14
item974, 80, 3.25, 73.74, 97.68
item975, 311, 11.4, 87.88, 95.85
item976, 143, 6.57, 62.03, 96.82
item977, 3, 4.03, 65.02, 74.58
item978, 228, 12.24, 93.56, 82.71
item979, 59, 1.37, 81.53, 72.53
item980, 195, 7.97, 96.24, 53.14
item981, 75, 6.16, 86.69, 51.89
item982, 87, 9.95, 89.59, 82.82
item983, 137, 9.2, 79.77, 93.93
item984, 15, 6.58, 71.81, 91.47
item985, 217, 7.34, 75.35, 63.83
item986, 296, 12.27, 73.68, 98.96
item987, 300, 10.57, 52.85, 94.08
item988, 138, 7.38, 67.92, 77.76
item989, 314, 1.63, 82.31, 53.09
item990, 86, 5.13, 76.42, 91.49
item991, 97, 5.08, 57.25, 54.93
item992, 193, 6.11, 86.07, 91.93
item993, 284, 5.81, 66.47, 81.8
item994, 263, 5.25, 63.23, 91.08
item995, 234, 2.22, 95.81, 96.19
item996, 106, 1.57, 84.71, 52.22
item997, 77, 9.07, 51.25, 88.19
item998, 174, 1.93, 85.56, 89.22
item999, 87, 10.58, 55.27, 69.83
g0; 334; 1.39; 50.23; 93.7
g1; 335; 0; 0; 1
g2; 336; 1; 318.6; 15930.000000000002
258, 214
64, 128, 34, 195, 99, 323, 102, 165, 100, 137, 138, 299, 227, 13, 238, 84, 309, 86, 149, 215, 124
256, 320, 129, 66, 101, 170, 237, 238, 175, 111, 273, 275, 52, 149, 181, 120, 121, 284, 25, 286
130, 5, 134, 264, 138, 269, 271, 23, 28, 32, 294, 168, 170, 52, 181, 53, 58, 187, 318, 321, 324, 329, 202, 331, 229, 232, 113, 116, 117, 120, 250, 253
294, 200, 242, 118, 156, 222
160, 321, 185, 102, 295, 42, 305, 273, 151, 25, 218, 157
135, 265, 14, 16, 18, 281, 158, 36, 39, 174, 48, 49, 304, 52, 62, 196, 198, 203, 77, 83, 215, 94, 226, 104, 108, 111, 246, 124
5, 263, 136, 264, 10, 273, 19, 276, 149, 278, 153, 155, 29, 30, 288, 289, 292, 36, 42, 171, 44, 45, 305, 306, 180, 182, 313, 188, 61, 62, 191, 193, 195, 327, 328, 75, 205, 212, 214, 88, 217, 96, 99, 232, 107, 236, 108, 112, 114, 247, 120, 123
113, 138, 211, 31
152, 209, 5, 87, 199
129, 260, 261, 134, 9, 10, 270, 144, 273, 145, 22, 27, 28, 285, 30, 157, 161, 162, 34, 36, 295, 296, 42, 172, 44, 312, 63, 321, 67, 323, 70, 198, 200, 75, 203, 79, 209, 212, 219, 91, 93, 94, 222, 95, 225, 226, 100, 230, 236, 109, 114, 252
9, 137, 138, 142, 272, 149, 153, 282, 159, 291, 38, 166, 44, 48, 49, 306, 62, 67, 324, 326, 71, 201, 78, 223, 228, 229, 231, 235, 112, 114, 243, 122, 125
14, 271, 22, 150, 153, 28, 162, 45, 189, 323, 195, 73, 329, 75, 215, 97, 99, 101, 230, 229, 117, 254
258, 3, 261, 135, 142, 15, 19, 280, 156, 30, 290, 164, 41, 301, 303, 176, 51, 181, 76, 212, 85, 219, 232, 108, 240, 115, 246
128, 71, 314, 237, 141, 112, 242, 148, 20, 250, 29, 318, 286
0, 1, 258, 131, 10, 288, 34, 290, 162, 167, 169, 297, 171, 175, 183, 55, 317, 62, 63, 192, 193, 198, 73, 330, 76, 207, 209, 211, 212, 223, 97, 226, 228, 106, 107, 112, 113, 117, 121, 122
223, 260, 107, 269, 188, 147, 86, 59, 31, 159
209, 258, 165, 199
1, 258, 133, 263, 264, 136, 8, 11, 143, 271, 145, 15, 19, 155, 284, 157, 34, 162, 293, 167, 169, 298, 45, 302, 173, 49, 306, 182, 316, 62, 318, 319, 323, 205, 206, 78, 90, 97, 98, 227, 101, 104, 236, 110, 241, 126
262, 7, 265, 266, 139, 14, 15, 280, 281, 154, 152, 157, 286, 32, 160, 162, 39, 52, 315, 59, 61, 320, 70, 328, 75, 203, 83, 84, 85, 215, 220, 222, 97, 102, 103, 235, 240, 244
334, 0
335, 0
336, 0
334, 1
335, 1
336, 1
334, 2
335, 2
336, 2
334, 3
335, 3
336, 3
334, 4
335, 4
336, 4
334, 5
335, 5
336, 5
334, 6
335, 6
336, 6
334, 7
335, 7
336, 7
334, 8
335, 8
336, 8
334, 9
335, 9
336, 9
334, 10
335, 10
336, 10
334, 11
335, 11
336, 11
334, 12
335, 12
336, 12
334, 13
335, 13
336, 13
334, 14
335, 14
336, 14
334, 15
335, 15
336, 15
334, 16
335, 16
336, 16
334, 17
335, 17
336, 17
334, 18
335, 18
336, 18
334, 19
335, 19
336, 19
334, 20
335, 20
336, 20
334, 21
335, 21
336, 21
334, 22
335, 22
336, 22
334, 23
335, 23
336, 23
334, 24
335, 24
336, 24
334, 25
335, 25
336, 25
334, 26
335, 26
336, 26
334, 27
335, 27
336, 27
334, 28
335, 28
336, 28
334, 29
335, 29
336, 29
334, 30
335, 30
336, 30
334, 31
335, 31
336, 31
334, 32
335, 32
336, 32
334, 33
335, 33
336, 33
334, 34
335, 34
336, 34
334, 35
335, 35
336, 35
334, 36
335, 36
336, 36
334, 37
335, 37
336, 37
334, 38
335, 38
336, 38
334, 39
335, 39
336, 39
334, 40
335, 40
336, 40
334, 41
335, 41
336, 41
334, 42
335, 42
336, 42
334, 43
335, 43
336, 43
334, 44
335, 44
336, 44
334, 45
335, 45
336, 45
334, 46
335, 46
336, 46
334, 47
335, 47
336, 47
334, 48
335, 48
336, 48
334, 49
335, 49
336, 49
334, 50
335, 50
336, 50
334, 51
335, 51
336, 51
334, 52
335, 52
336, 52
334, 53
335, 53
336, 53
334, 54
335, 54
336, 54
334, 55
335, 55
336, 55
334, 56
335, 56
336, 56
334, 57
335, 57
336, 57
334, 58
335, 58
336, 58
334, 59
335, 59
336, 59
334, 60
335, 60
336, 60
334, 61
335, 61
336, 61
334, 62
335, 62
336, 62
334, 63
335, 63
336, 63
334, 64
335, 64
336, 64
334, 65
335, 65
336, 65
334, 66
335, 66
336, 66
334, 67
335, 67
336, 67
334, 68
335, 68
336, 68
334, 69
335, 69
336, 69
334, 70
335, 70
336, 70
334, 71
335, 71
336, 71
334, 72
335, 72
336, 72
334, 73
335, 73
336, 73
334, 74
335, 74
336, 74
334, 75
335, 75
336, 75
334, 76
335, 76
336, 76
334, 77
335, 77
336, 77
334, 78
335, 78
336, 78
334, 79
335, 79
336, 79
334, 80
335, 80
336, 80
334, 81
335, 81
336, 81
334, 82
335, 82
336, 82
334, 83
335, 83
336, 83
334, 84
335, 84
336, 84
334, 85
335, 85
336, 85
334, 86
335, 86
336, 86
334, 87
335, 87
336, 87
334, 88
335, 88
336, 88
334, 89
335, 89
336, 89
334, 90
335, 90
336, 90
334, 91
335, 91
336, 91
334, 92
335, 92
336, 92
334, 93
335, 93
336, 93
334, 94
335, 94
336, 94
334, 95
335, 95
336, 95
334, 96
335, 96
336, 96
334, 97
335, 97
336, 97
334, 98
335, 98
336, 98
334, 99
335, 99
336, 99
334, 100
335, 100
336, 100
334, 101
335, 101
336, 101
334, 102
335, 102
336, 102
334, 103
335, 103
336, 103
334, 104
335, 104
336, 104
334, 105
335, 105
336, 105
334, 106
335, 106
336, 106
334, 107
335, 107
336, 107
334, 108
335, 108
336, 108
334, 109
335, 109
336, 109
334, 110
335, 110
336, 110
334, 111
335, 111
336, 111
334, 112
335, 112
336, 112
334, 113
335, 113
336, 113
334, 114
335, 114
336, 114
334, 115
335, 115
336, 115
334, 116
335, 116
336, 116
334, 117
335, 117
336, 117
334, 118
335, 118
336, 118
334, 119
335, 119
336, 119
334, 120
335, 120
336, 120
334, 121
335, 121
336, 121
334, 122
335, 122
336, 122
334, 123
335, 123
336, 123
334, 124
335, 124
336, 124
334, 125
335, 125
336, 125
334, 126
335, 126
336, 126
334, 127
335, 127
336, 127
334, 128
335, 128
336, 128
334, 129
335, 129
336, 129
334, 130
335, 130
336, 130
334, 131
335, 131
336, 131
334, 132
335, 132
336, 132
334, 133
335, 133
336, 133
334, 134
335, 134
336, 134
334, 135
335, 135
336, 135
334, 136
335, 136
336, 136
334, 137
335, 137
336, 137
334, 138
335, 138
336, 138
334, 139
335, 139
336, 139
334, 140
335, 140
336, 140
334, 141
335, 141
336, 141
334, 142
335, 142
336, 142
334, 143
335, 143
336, 143
334, 144
335, 144
336, 144
334, 145
335, 145
336, 145
334, 146
335, 146
336, 146
334, 147
335, 147
336, 147
334, 148
335, 148
336, 148
334, 149
335, 149
336, 149
334, 150
335, 150
336, 150
334, 151
335, 151
336, 151
334, 152
335, 152
336, 152
334, 153
335, 153
336, 153
334, 154
335, 154
336, 154
334, 155
335, 155
336, 155
334, 156
335, 156
336, 156
334, 157
335, 157
336, 157
334, 158
335, 158
336, 158
334, 159
335, 159
336, 159
334, 160
335, 160
336, 160
334, 161
335, 161
336, 161
334, 162
335, 162
336, 162
334, 163
335, 163
336, 163
334, 164
335, 164
336, 164
334, 165
335, 165
336, 165
334, 166
335, 166
336, 166
334, 167
335, 167
336, 167
334, 168
335, 168
336, 168
334, 169
335, 169
336, 169
334, 170
335, 170
336, 170
334, 171
335, 171
336, 171
334, 172
335, 172
336, 172
334, 173
335, 173
336, 173
334, 174
335, 174
336, 174
334, 175
335, 175
336, 175
334, 176
335, 176
336, 176
334, 177
335, 177
336, 177
334, 178
335, 178
336, 178
334, 179
335, 179
336, 179
334, 180
335, 180
336, 180
334, 181
335, 181
336, 181
334, 182
335, 182
336, 182
334, 183
335, 183
336, 183
334, 184
335, 184
336, 184
334, 185
335, 185
336, 185
334, 186
335, 186
336, 186
334, 187
335, 187
336, 187
334, 188
335, 188
336, 188
334, 189
335, 189
336, 189
334, 190
335, 190
336, 190
334, 191
335, 191
336, 191
334, 192
335, 192
336, 192
334, 193
335, 193
336, 193
334, 194
335, 194
336, 194
334, 195
335, 195
336, 195
334, 196
335, 196
336, 196
334, 197
335, 197
336, 197
334, 198
335, 198
336, 198
334, 199
335, 199
336, 199
334, 200
335, 200
336, 200
334, 201
335, 201
336, 201
334, 202
335, 202
336, 202
334, 203
335, 203
336, 203
334, 204
335, 204
336, 204
334, 205
335, 205
336, 205
334, 206
335, 206
336, 206
334, 207
335, 207
336, 207
334, 208
335, 208
336, 208
334, 209
335, 209
336, 209
334, 210
335, 210
336, 210
334, 211
335, 211
336, 211
334, 212
335, 212
336, 212
334, 213
335, 213
336, 213
334, 214
335, 214
336, 214
334, 215
335, 215
336, 215
334, 216
335, 216
336, 216
334, 217
335, 217
336, 217
334, 218
335, 218
336, 218
334, 219
335, 219
336, 219
334, 220
335, 220
336, 220
334, 221
335, 221
336, 221
334, 222
335, 222
336, 222
334, 223
335, 223
336, 223
334, 224
335, 224
336, 224
334, 225
335, 225
336, 225
334, 226
335, 226
336, 226
334, 227
335, 227
336, 227
334, 228
335, 228
336, 228
334, 229
335, 229
336, 229
334, 230
335, 230
336, 230
334, 231
335, 231
336, 231
334, 232
335, 232
336, 232
334, 233
335, 233
336, 233
334, 234
335, 234
336, 234
334, 235
335, 235
336, 235
334, 236
335, 236
336, 236
334, 237
335, 237
336, 237
334, 238
335, 238
336, 238
334, 239
335, 239
336, 239
334, 240
335, 240
336, 240
334, 241
335, 241
336, 241
334, 242
335, 242
336, 242
334, 243
335, 243
336, 243
334, 244
335, 244
336, 244
334, 245
335, 245
336, 245
334, 246
335, 246
336, 246
334, 247
335, 247
336, 247
334, 248
335, 248
336, 248
334, 249
335, 249
336, 249
334, 250
335, 250
336, 250
334, 251
335, 251
336, 251
334, 252
335, 252
336, 252
334, 253
335, 253
336, 253
334, 254
335, 254
336, 254
334, 255
335, 255
336, 255
334, 256
335, 256
336, 256
334, 257
335, 257
336, 257
334, 258
335, 258
336, 258
334, 259
335, 259
336, 259
334, 260
335, 260
336, 260
334, 261
335, 261
336, 261
334, 262
335, 262
336, 262
334, 263
335, 263
336, 263
334, 264
335, 264
336, 264
334, 265
335, 265
336, 265
334, 266
335, 266
336, 266
334, 267
335, 267
336, 267
334, 268
335, 268
336, 268
334, 269
335, 269
336, 269
334, 270
335, 270
336, 270
334, 271
335, 271
336, 271
334, 272
335, 272
336, 272
334, 273
335, 273
336, 273
334, 274
335, 274
336, 274
334, 275
335, 275
336, 275
334, 276
335, 276
336, 276
334, 277
335, 277
336, 277
334, 278
335, 278
336, 278
334, 279
335, 279
336, 279
334, 280
335, 280
336, 280
334, 281
335, 281
336, 281
334, 282
335, 282
336, 282
334, 283
335, 283
336, 283
334, 284
335, 284
336, 284
334, 285
335, 285
336, 285
334, 286
335, 286
336, 286
334, 287
335, 287
336, 287
334, 288
335, 288
336, 288
334, 289
335, 289
336, 289
334, 290
335, 290
336, 290
334, 291
335, 291
336, 291
334, 292
335, 292
336, 292
334, 293
335, 293
336, 293
334, 294
335, 294
336, 294
334, 295
335, 295
336, 295
334, 296
335, 296
336, 296
334, 297
335, 297
336, 297
334, 298
335, 298
336, 298
334, 299
335, 299
336, 299
334, 300
335, 300
336, 300
334, 301
335, 301
336, 301
334, 302
335, 302
336, 302
334, 303
335, 303
336, 303
334, 304
335, 304
336, 304
334, 305
335, 305
336, 305
334, 306
335, 306
336, 306
334, 307
335, 307
336, 307
334, 308
335, 308
336, 308
334, 309
335, 309
336, 309
334, 310
335, 310
336, 310
334, 311
335, 311
336, 311
334, 312
335, 312
336, 312
334, 313
335, 313
336, 313
334, 314
335, 314
336, 314
334, 315
335, 315
336, 315
334, 316
335, 316
336, 316
334, 317
335, 317
336, 317
334, 318
335, 318
336, 318
334, 319
335, 319
336, 319
334, 320
335, 320
336, 320
334, 321
335, 321
336, 321
334, 322
335, 322
336, 322
334, 323
335, 323
336, 323
334, 324
335, 324
336, 324
334, 325
335, 325
336, 325
334, 326
335, 326
336, 326
334, 327
335, 327
336, 327
334, 328
335, 328
336, 328
334, 329
335, 329
336, 329
334, 330
335, 330
336, 330
334, 331
335, 331
336, 331
334, 332
335, 332
336, 332
