178.62
120.5
100
20
item0; 15; 13.46; 88.18; 66.35
item1; 30; 15.52; 87.25; 94.3
item2; 21; 16.22; 52.75; 78.21
item3; 0; 14.62; 60.43; 69.24
item4; 16; 11.5; 52.19; 88.31
item5; 18; 6.08; 93.63; 90.31
item6; 8; 17.27; 72.54; 63.29
item7; 13; 13.95; 50.46; 63.98
item8; 12; 9.52; 97.88; 52.76
item9; 23; 17.59; 57.33; 56.91
item10; 12; 3.36; 51.85; 67.25
item11; 14; 5.74; 77.78; 96.71
item12; 11; 13.12; 97.62; 96.84
item13; 2; 5.67; 50.7; 89.18
item14; 7; 13.49; 77.72; 81.97
item15; 26; 15.6; 90.02; 69.57
item16; 19; 17.45; 95.92; 95.26
item17; 29; 9.01; 70.09; 58.75
item18; 30; 5.17; 95.61; 55.79
item19; 15; 17.18; 56.06; 69.99
item20; 32; 14.83; 97.25; 67.59
item21; 7; 6.74; 82.08; 69.5
item22; 6; 13.6; 66.23; 98.61
item23; 23; 14.5; 93.92; 60.26
item24; 23; 11.01; 91.73; 98.27
item25; 19; 8.66; 92.91; 67.29
item26; 8; 5.03; 99.09; 90.97
item27; 22; 11.97; 93.39; 73.33
item28; 22; 5.63; 73.61; 88.38
item29; 19; 15.97; 81.54; 88.93
item30; 20; 16.4; 52.48; 64.87
item31; 28; 16.7; 96.32; 56.82
item32; 0; 9.59; 92.58; 73.99
item33; 7; 8.77; 61.72; 64.1
item34; 23; 4.02; 72.88; 99.3
item35; 26; 4.97; 85.22; 63.83
item36; 11; 6.59; 52.05; 73.33
item37; 6; 15.55; 82.57; 82.3
item38; 20; 15.46; 92.94; 88.71
item39; 27; 12.92; 76.91; 81.47
item40; 19; 3.4; 93.92; 71.61
item41; 7; 5.64; 53.46; 76.76
item42; 22; 10.71; 93.16; 89.12
item43; 10; 8.93; 81.33; 74.96
item44; 28; 5.3; 70.14; 80.14
item45; 4; 12.13; 69.32; 90.03
item46; 24; 13.16; 54.17; 84.41
item47; 9; 6.77; 52.9; 65.34
item48; 25; 14.61; 53.59; 89.23
item49; 32; 3.86; 70.54; 97.42
item50; 26; 6.01; 79.69; 97.48
item51; 24; 14.85; 67.81; 73.99
item52; 18; 9.92; 89.5; 74.14
item53; 29; 17.54; 92.75; 73.76
item54; 9; 4.9; 71.3; 76.6
item55; 31; 10.27; 91.24; 63.43
item56; 17; 15.81; 74.84; 74.69
item57; 26; 16.76; 58.31; 55.92
item58; 1; 5.44; 69.79; 60.21
item59; 22; 5.82; 74.02; 99.49
item60; 2; 16.98; 82.14; 98.69
item61; 24; 12.4; 75.68; 50.89
item62; 31; 1.83; 54.05; 96.1
item63; 25; 10.64; 72.37; 93.53
item64; 30; 7.6; 65.76; 87.89
item65; 23; 15.81; 82.22; 52.08
item66; 21; 11.92; 82.57; 66.52
item67; 8; 15.36; 75.27; 55.04
item68; 4; 15.05; 78.18; 50.05
item69; 16; 14.38; 83.24; 68.91
item70; 11; 17.41; 78.46; 72.74
item71; 22; 16.48; 60.28; 84.02
item72; 17; 10.74; 53.73; 74.39
item73; 13; 13.9; 92.44; 87.95
item74; 27; 15.98; 65.16; 90.75
item75; 31; 14.5; 60.39; 51.23
item76; 27; 7.06; 65.42; 57.37
item77; 9; 5.22; 99.82; 99.19
item78; 9; 12.8; 85.98; 57.99
item79; 1; 5.88; 78.44; 87.67
item80; 16; 8.51; 52.01; 98.93
item81; 14; 13.19; 60.94; 97.7
item82; 26; 5.75; 82.52; 70.87
item83; 12; 13.32; 95.3; 74.53
item84; 8; 2.88; 73.98; 70.74
item85; 12; 5.87; 84.21; 59.87
item86; 13; 4.26; 82.77; 58.97
item87; 6; 2.95; 81.06; 58.5
item88; 17; 10.9; 75.45; 52.15
item89; 9; 13.17; 52.78; 67.6
item90; 28; 8.38; 84.96; 98.77
item91; 23; 7.67; 57.16; 84.42
item92; 3; 4.0; 93.48; 91.03
item93; 23; 11.53; 74.97; 72.78
item94; 18; 3.73; 96.17; 57.62
item95; 27; 15.14; 95.08; 75.98
item96; 10; 12.34; 52.64; 84.2
item97; 14; 7.54; 93.63; 95.08
item98; 5; 15.51; 57.15; 52.42
item99; 31; 13.25; 66.77; 54.45
25; 55; 23; 6; 3; 32; 1213; 32; 26; 12; 5; 16; 2330; 30; 7; 32; 125; 1124; 30; 15; 30; 11; 29; 7; 2118; 29; 19; 25; 24; 24; 2127; 23; 93; 019; 23; 3213; 0; 16; 31; 3032; 13; 5; 15; 2; 12; 13; 2912; 30; 6; 9; 1; 25; 27; 159; 26; 20; 9; 19; 115; 2; 25; 12; 3; 13; 2132; 27; 24; 10; 0; 27; 2329; 26; 12; 14; 29; 31; 10; 20; 29; 3216; 1; 0; 24; 16; 2; 129; 19; 32; 27