155.04
128.19
101
53
item0, 0, 6.07, 63.29, 80.12
item1, 4, 5.23, 64.79, 88.57
item2, 3, 13.77, 64.69, 75.24
item3, 9, 8.2, 92.21, 99.2
item4, 12, 2.68, 89.48, 51.85
item5, 28, 14.64, 58.7, 62.56
item6, 24, 10.43, 83.07, 99.2
item7, 7, 1.63, 60.8, 54.6
item8, 9, 4.79, 67.9, 88.7
item9, 32, 4.79, 99.56, 85.27
item10, 21, 14.93, 76.05, 90.61
item11, 1, 13.88, 64.64, 65.11
item12, 22, 11.32, 70.56, 62.44
item13, 32, 7.32, 70.43, 59.96
item14, 9, 11.26, 58.19, 78.97
item15, 5, 7.69, 51.29, 57.14
item16, 11, 4.31, 50.86, 57.79
item17, 28, 1.62, 72.19, 80.68
item18, 11, 2.57, 58.0, 71.01
item19, 9, 5.47, 73.12, 86.24
item20, 20, 12.27, 74.31, 99.17
item21, 14, 10.77, 83.26, 92.53
item22, 31, 5.13, 97.83, 52.93
item23, 9, 14.55, 78.9, 55.51
item24, 0, 10.1, 60.16, 62.9
item25, 16, 2.92, 51.69, 72.27
item26, 21, 11.55, 97.11, 78.9
item27, 15, 4.95, 56.48, 86.93
item28, 10, 3.1, 59.77, 65.82
item29, 6, 4.76, 53.06, 63.65
item30, 26, 6.4, 95.26, 55.75
item31, 14, 2.15, 90.2, 55.36
item32, 27, 3.2, 84.88, 97.31
item33, 3, 3.01, 60.38, 75.86
item34, 22, 5.76, 59.67, 58.72
item35, 23, 6.33, 68.16, 86.53
item36, 15, 2.97, 65.26, 96.44
item37, 5, 4.07, 54.98, 67.51
item38, 3, 4.58, 75.0, 81.59
item39, 11, 7.25, 68.22, 83.17
item40, 29, 11.67, 78.56, 55.36
item41, 1, 5.68, 77.54, 60.97
item42, 10, 7.11, 56.49, 66.27
item43, 25, 12.62, 58.05, 55.5
item44, 31, 1.67, 89.54, 72.49
item45, 21, 9.45, 59.37, 66.68
item46, 28, 7.6, 97.43, 65.4
item47, 20, 3.92, 70.9, 65.56
item48, 24, 6.9, 96.45, 64.62
item49, 22, 11.1, 59.83, 60.67
item50, 31, 5.15, 86.09, 71.55
item51, 19, 12.26, 90.35, 85.05
item52, 28, 13.36, 87.78, 99.69
item53, 13, 12.16, 78.81, 90.3
item54, 19, 12.73, 67.49, 76.81
item55, 25, 7.45, 61.2, 94.77
item56, 15, 13.98, 83.5, 93.1
item57, 15, 2.79, 66.55, 95.71
item58, 10, 5.78, 54.01, 65.27
item59, 6, 3.64, 56.85, 64.67
item60, 32, 9.18, 97.35, 58.55
item61, 8, 8.83, 50.76, 85.97
item62, 29, 9.95, 99.1, 64.58
item63, 2, 13.06, 97.54, 59.17
item64, 4, 13.61, 60.59, 79.37
item65, 0, 3.71, 79.09, 79.93
item66, 8, 13.35, 89.92, 64.53
item67, 10, 7.76, 88.18, 69.9
item68, 6, 10.86, 68.8, 57.27
item69, 25, 8.88, 72.29, 72.54
item70, 12, 14.27, 60.68, 66.81
item71, 22, 9.99, 68.79, 58.76
item72, 27, 6.28, 82.96, 54.74
item73, 24, 8.26, 65.46, 96.68
item74, 2, 13.15, 99.2, 54.54
item75, 21, 2.86, 77.89, 81.92
item76, 23, 15.49, 92.32, 51.22
item77, 11, 3.52, 81.07, 82.63
item78, 8, 15.27, 55.54, 65.17
item79, 23, 4.11, 72.26, 66.27
item80, 3, 13.56, 73.41, 90.49
item81, 19, 11.82, 63.99, 54.17
item82, 26, 7.43, 81.23, 70.9
item83, 13, 10.29, 56.7, 51.58
item84, 32, 6.66, 57.04, 64.49
item85, 4, 2.82, 77.69, 53.8
item86, 21, 12.76, 80.2, 50.83
item87, 23, 14.49, 78.96, 51.67
item88, 16, 4.86, 95.47, 92.2
item89, 5, 9.36, 76.74, 71.02
item90, 15, 3.0, 76.63, 84.19
item91, 2, 12.59, 90.04, 50.36
item92, 26, 4.86, 73.96, 52.25
item93, 24, 2.41, 72.22, 70.4
item94, 7, 8.88, 58.0, 67.97
item95, 0, 12.68, 66.4, 97.13
item96, 11, 10.21, 91.45, 83.39
item97, 5, 4.01, 71.3, 69.83
item98, 14, 6.28, 73.72, 87.58
item99, 7, 8.56, 72.68, 86.7
g; 34; 78.0; 1713.89; 2533.26
32, 25, 28, 20
0, 10, 12, 15, 26, 28
0, 1, 2, 3, 4, 13, 24, 25
16, 4, 29, 22
8, 19, 5
13, 22
0, 9, 11, 21, 22, 23
5, 6, 8, 10, 12, 20, 21, 24, 27, 29
17, 31
0, 20, 14
24, 29, 21, 6, 15
1, 9, 16, 17, 19, 23, 24, 31
24, 10, 19, 5, 23
4, 7, 10, 12, 13, 16, 17, 19, 22
24, 25, 32, 29, 0
18, 19, 4
16, 11
0, 3, 20
16, 25, 11, 22, 8
23, 12, 14, 7
34, 0
34, 1
34, 2
34, 3
34, 4
34, 5
34, 6
34, 7
34, 8
34, 9
34, 10
34, 11
34, 12
34, 13
34, 14
34, 15
34, 16
34, 17
34, 18
34, 19
34, 20
34, 21
34, 22
34, 23
34, 24
34, 25
34, 26
34, 27
34, 28
34, 29
34, 30
34, 31
34, 32
