141.71
179.62
103
53
item0, 11, 3.85, 85.5, 91.54
item1, 5, 9.37, 81.45, 50.86
item2, 20, 5.15, 92.08, 73.88
item3, 13, 8.38, 68.4, 81.81
item4, 19, 10.74, 89.55, 70.68
item5, 19, 9.73, 89.32, 51.47
item6, 0, 11.92, 70.49, 80.45
item7, 22, 2.46, 82.46, 61.21
item8, 31, 5.61, 83.28, 70.07
item9, 22, 12.73, 86.05, 81.06
item10, 18, 9.24, 95.25, 62.75
item11, 20, 9.34, 59.43, 59.12
item12, 14, 9.88, 90.75, 66.12
item13, 25, 10.67, 72.12, 72.05
item14, 13, 10.25, 51.4, 96.37
item15, 11, 13.55, 96.47, 70.0
item16, 21, 10.6, 79.6, 53.63
item17, 21, 8.77, 91.37, 65.02
item18, 32, 7.72, 68.0, 63.02
item19, 1, 12.84, 66.03, 70.03
item20, 31, 3.86, 95.3, 87.28
item21, 4, 11.68, 87.0, 70.48
item22, 29, 4.11, 71.12, 67.89
item23, 26, 9.23, 80.52, 64.03
item24, 8, 10.73, 87.63, 64.31
item25, 4, 12.78, 99.73, 91.27
item26, 21, 4.18, 56.69, 94.77
item27, 17, 8.85, 86.06, 99.21
item28, 13, 7.77, 64.49, 79.47
item29, 17, 8.75, 50.03, 70.84
item30, 25, 4.4, 62.25, 65.63
item31, 30, 5.71, 93.99, 57.54
item32, 14, 5.96, 59.72, 55.45
item33, 18, 1.46, 87.2, 50.94
item34, 30, 1.42, 72.44, 62.5
item35, 29, 3.47, 78.43, 51.64
item36, 22, 4.12, 73.54, 69.28
item37, 11, 3.31, 70.67, 87.12
item38, 7, 6.72, 75.11, 55.68
item39, 31, 1.47, 64.39, 96.32
item40, 2, 13.53, 52.1, 53.66
item41, 14, 3.41, 75.0, 63.76
item42, 22, 13.34, 51.13, 90.37
item43, 22, 13.21, 65.32, 87.43
item44, 21, 9.96, 62.29, 53.08
item45, 27, 3.97, 72.51, 96.73
item46, 0, 12.27, 55.18, 89.46
item47, 10, 10.96, 51.95, 96.45
item48, 6, 9.75, 60.55, 55.24
item49, 1, 4.75, 74.15, 69.41
item50, 17, 13.41, 63.91, 58.05
item51, 11, 2.19, 56.94, 98.07
item52, 14, 6.03, 57.47, 77.41
item53, 6, 3.35, 80.2, 76.56
item54, 3, 13.78, 66.95, 87.67
item55, 24, 3.27, 91.35, 93.54
item56, 8, 5.86, 77.65, 53.0
item57, 1, 14.16, 68.02, 81.35
item58, 25, 5.96, 51.92, 93.06
item59, 1, 2.31, 74.03, 88.83
item60, 28, 12.92, 77.62, 74.16
item61, 8, 3.61, 66.79, 74.11
item62, 16, 13.46, 87.34, 61.23
item63, 17, 11.32, 52.09, 64.35
item64, 13, 7.66, 99.52, 55.8
item65, 17, 8.44, 75.75, 86.59
item66, 14, 3.79, 84.77, 65.16
item67, 6, 5.5, 55.11, 84.46
item68, 6, 2.13, 52.09, 87.21
item69, 5, 10.81, 62.14, 79.47
item70, 8, 10.05, 81.66, 96.08
item71, 22, 6.34, 93.94, 95.51
item72, 6, 6.05, 80.92, 53.11
item73, 31, 4.68, 92.32, 72.15
item74, 24, 2.14, 67.15, 56.45
item75, 20, 13.64, 67.05, 87.01
item76, 3, 8.45, 95.43, 95.8
item77, 12, 13.86, 68.73, 87.31
item78, 8, 2.3, 80.1, 81.74
item79, 7, 2.89, 55.3, 71.57
item80, 13, 9.85, 54.75, 62.58
item81, 18, 3.58, 80.71, 54.95
item82, 26, 6.99, 98.51, 87.73
item83, 18, 1.9, 96.86, 61.57
item84, 18, 5.81, 58.34, 65.11
item85, 25, 9.62, 52.09, 85.68
item86, 13, 3.74, 54.09, 63.85
item87, 3, 6.53, 86.89, 52.04
item88, 19, 4.92, 59.83, 98.74
item89, 12, 9.27, 96.21, 60.29
item90, 22, 6.93, 63.08, 52.76
item91, 31, 4.92, 60.97, 60.92
item92, 15, 7.37, 62.1, 57.27
item93, 23, 5.15, 50.24, 65.53
item94, 3, 4.88, 89.52, 73.52
item95, 4, 1.97, 77.9, 68.13
item96, 27, 3.08, 54.54, 69.37
item97, 15, 13.36, 67.78, 97.28
item98, 28, 2.67, 90.5, 76.02
item99, 0, 2.92, 51.63, 62.92
g0; 34; 1.46; 64.39; 96.32
g1; 34; 0; 0; 1
g2; 34; 1; 359.24; 17962.0
19, 12, 29, 30, 15
0, 7, 4, 6, 31
0, 4, 11, 14, 23, 25, 27
32, 10, 17, 21, 24, 27
8, 27
32, 0, 3, 8, 17, 18, 19, 24
6, 8, 17, 18, 20, 22, 24, 26
16, 18, 19, 28, 20
1, 18, 27, 20, 21
0, 8, 12, 14, 7
32, 4, 9, 13, 15, 17, 22, 24, 25
5, 23
0, 2, 12, 17, 20, 23, 29, 30
13, 15
3, 6, 12, 17, 18, 27, 29
12, 5
3, 6, 9, 11, 22, 23, 27, 28
25, 1
32, 0, 2, 7, 12, 16, 22, 28, 30
8, 28, 20, 30
34, 0
34, 1
34, 2
34, 3
34, 4
34, 5
34, 6
34, 7
34, 8
34, 9
34, 10
34, 11
34, 12
34, 13
34, 14
34, 15
34, 16
34, 17
34, 18
34, 19
34, 20
34, 21
34, 22
34, 23
34, 24
34, 25
34, 26
34, 27
34, 28
34, 29
34, 30
34, 31
34, 32
